173
1
2
0.9
-0.2
0
1.0973417770587373
1.9907283880252253
0.9734177705873721
-0.09271611974774588
0.09778233147948402
1.2032399199582853
1.9912439412987852
1.0589814289954809
0.005155532735598281
0.20368172932834325
1.31323934905209
1.990889541754398
1.0999942909380458
-0.0035439954438726655
0.3136817293283434
1.4231615129971744
1.9950269169645989
1.099221639450844
0.04137375210200944
0.4236817293283434
1.531997727298042
2.0109855652988284
1.0883621430086765
0.15958648334229614
0.5336817293283433
1.6384996102867473
2.038505538406739
1.065018829887053
0.2751997310791059
0.6436817293283432
1.7414521816867605
2.0772452859810997
1.0295257140001322
0.38739747574360683
0.7536817293283433
1.841669910041897
2.1225929091088456
1.0021772835513647
0.4534762312774592
0.8636817293283433
1.9381637067449833
2.1754033928959067
0.9649379670308624
0.5281048378706129
0.9736817293283433
2.0331786435081463
2.2308304782594015
0.950149367631631
0.5542708536349463
1.0836817293283434
2.1294855209009453
2.2839810696657854
0.9630687739279897
0.5315059140638407
1.1936817293283435
2.2220124946972284
2.3434685399440043
0.9252697379628287
0.5948747027821898
1.3036817293283436
2.3115640719812243
2.4073474488729185
0.8955157728399601
0.6387890892891404
1.4136817293283437
2.401517379072286
2.4706593951657085
0.8995330709106167
0.6331194629279023
1.5236817293283438
2.4870890015855864
2.5397788383090187
0.8557162251330012
0.6911944314331002
1.633681729328344
2.5661013480944326
2.616310198542364
0.7901234650884601
0.7653136023334519
1.7436817293283442
2.6467578482237455
2.6911067826013313
0.8065650012931271
0.7479658405896741
1.8536817293283443
2.727043172668471
2.766301640662273
0.8028532444472557
0.7519485806094159
1.9636817293283444
2.807333230499084
2.841491444582464
0.8029005783061289
0.7518980392019146
2.0736817293283445
2.888189208265529
2.916072346021319
0.8085597776644494
0.7458090143885474
2.1836817293283444
2.9657662241813854
2.9940582845076316
0.7757701591585653
0.7798593848631269
2.2936817293283442
3.0388710462568618
3.0762512585949153
0.7310482207547646
0.8219297408728397
2.403681729328344
3.118674074961206
3.1519577748905
0.7980302870434417
0.7570651629558464
2.5136817293283444
3.195002892912095
3.2311658019472325
0.7632881795088898
0.7920802705673238
2.6236817293283443
3.278269358145485
3.303045533217853
0.8326646523339024
0.7187973127062047
2.733681729328344
3.3614601540212243
3.375012827745028
0.8319079587573895
0.719672945271749
2.8436817293283445
3.447333552057083
3.443756987568063
0.8587339803585883
0.6874415982303486
2.9536817293283444
3.5309347022901414
3.5152471804598826
0.8360115023305845
0.7149019289181975
3.0636817293283443
3.6146730350846967
3.5865766387557954
0.8373833279455515
0.7132945829591257
3.1736817293283446
3.693698213715392
3.6630947486539545
0.7902517863069516
0.765181098981589
3.283681729328345
3.777472561058371
3.734381905472402
0.837743473429789
0.7128715681844751
3.3936817293283448
3.8615991592248378
3.8052530242792746
0.8412659816646674
0.708711188068725
3.503681729328345
3.944031685319084
3.8780876221138296
0.8243252609424642
0.7283459783455514
3.613681729328345
4.022513393801246
3.955163049026179
0.7848170848216226
0.7707542691234931
3.723681729328345
4.098578789104775
4.034624081220065
0.7606539530352933
0.7946103219388619
3.833681729328345
4.180613382591015
4.107906585759331
0.8203459348623978
0.7328250453926494
3.9436817293283455
4.259435049069874
4.1846343179915255
0.7882166647885965
0.7672773223219499
4.053681729328345
4.336554023758579
4.2630732352645415
0.7711897468870427
0.7843891727301565
4.163681729328346
4.414612847300706
4.340576913030303
0.7805882354212766
0.775036777657614
4.273681729328346
4.4879486377661095
4.422563874413285
0.7333579046540317
0.8198696138298139
4.383681729328346
4.555037208240911
4.5097368272808325
0.6708857047480158
0.8717295286754707
4.493681729328347
4.616715064034266
4.600818340798858
0.6167785579335443
0.9108151351802503
4.603681729328347
4.669692877318332
4.6972203703399344
0.5297781328406588
0.9640202954107685
4.713681729328347
4.719095027070722
4.795502757367531
0.49402149752390206
0.9828238702759725
4.823681729328347
4.762231966766195
4.896691711476708
0.4313693969547331
1.0118895410917688
4.933681729328347
4.81489171803955
4.993267850330094
0.5265975127335467
0.9657613885338565
5.043681729328347
4.8615085526650645
5.09290153303578
0.46616834625514747
0.9963368270568648
5.153681729328348
4.9135882150165955
5.18979172226746
0.5207966235153055
0.9689018923167904
5.263681729328348
4.9656921590568555
5.28666885587209
0.521039440402599
0.968771336046307
5.373681729328348
5.019398427594423
5.382666963768917
0.537062685375674
0.9599810789682627
5.483681729328349
5.066950934107196
5.4818574830958795
0.47552506512773546
0.9919051932696304
5.593681729328348
5.120436137423087
5.57797893245167
0.534852033158907
0.9612144935579069
5.703681729328348
5.169040464254192
5.6766583092904765
0.4860432683110581
0.9867937683880585
5.813681729328349
5.222154568052356
5.772985314734007
0.5311410379816334
0.9632700544353039
5.923681729328349
5.284596367105038
5.86354480750569
0.6244179905268227
0.905594927716827
6.033681729328349
5.34976197922546
5.952164461064992
0.651656121204218
0.8861965355930217
6.143681729328349
5.420007138612561
6.036814432019983
0.7024515938710079
0.8464997095499094
6.253681729328349
5.490706044879841
6.121085807068753
0.706989062672797
0.8427137504876968
6.363681729328349
5.5669458853863265
6.20037948096236
0.7623984050648555
0.7929367389360672
6.47368172932835
5.636200721165484
6.285841564491852
0.6925483577915801
0.8546208352949194
6.58368172932835
5.69850892938203
6.376493024429592
0.6230820821654592
0.9065145993773935
6.69368172932835
5.762181282031958
6.466191583548584
0.6367235264992751
0.8969855911899183
6.803681729328351
5.820990097039527
6.559151377424246
0.5880881500756869
0.92959793875662
6.913681729328351
5.878367199919027
6.653001620179154
0.5737710287949997
0.9385024275490862
7.023681729328351
5.945906835122742
6.739825566625679
0.67539635203715
0.8682394644652537
7.133681729328352
6.009433448050489
6.829627400960666
0.6352661292774641
0.8980183433498607
7.243681729328352
6.068222083523313
6.922599957875292
0.5878863547282461
0.9297255691462587
7.353681729328352
6.124603201089737
7.01705190111608
0.5638111756642423
0.9445194324078807
7.463681729328353
6.187014220751255
7.107632608911999
0.6241101966151756
0.9058070779591905
7.573681729328353
6.247481907493132
7.199521992738893
0.6046768674187704
0.9188938382689388
7.683681729328352
6.3128814693585955
7.287969136886148
0.6539956186546341
0.8844714414725569
7.793681729328353
6.379644946443993
7.375391320154856
0.6676347708539785
0.8742218326870793
7.903681729328353
6.454913229081809
7.455607812403981
0.7526828263781575
0.802164922491247
8.013681729328352
6.524811177441523
7.540544711423799
0.6989794835971438
0.8493689901981766
8.123681729328352
6.589478073670058
7.629528937734802
0.6466689622853515
0.8898422631100339
8.233681729328351
6.655300243548603
7.717662030001442
0.6582216987854473
0.8813309226663955
8.34368172932835
6.715251271260898
7.809889326807971
0.5995102771229476
0.9222729680652939
8.45368172932835
6.76957970896097
7.905536704488017
0.5432843770007291
0.9564737768004565
8.56368172932835
6.819484397432843
8.003564874258371
0.49904688471872927
0.9802816977035385
8.67368172932835
6.868637190375608
8.101972206027533
0.49152792942765267
0.9840733176916061
8.783681729328352
6.915262711311533
8.201601824100944
0.46625520935924675
0.9962961807341055
8.893681729328353
6.970835284961074
8.2965317406603
0.5557257364954186
0.9492991655935576
9.003681729328353
7.016284770607383
8.396703314744398
0.45449485646308246
1.0017157408409845
9.113681729328354
7.05099546507295
8.501083234698948
0.3471069446556752
1.0437991995454885
9.223681729328355
7.084005664123113
8.606013338857233
0.3301019905016326
1.049301041582853
9.333681729328354
7.12429032115464
8.70837127166096
0.40284657031526583
1.0235793280372694
9.443681729328354
7.156642810871421
8.813506025235245
0.3235248971678087
1.051347535742848
9.553681729328355
7.19256819531352
8.91747412973219
0.3592538444209871
1.0396810449694376
9.663681729328356
7.238478617718669
9.0174352877616
0.4591042240514932
0.9996115802941044
9.773681729328356
7.283095438629601
9.117980497949862
0.4461682091093245
1.00545210188262
9.883681729328355
7.326511148255278
9.219050157876563
0.4341570962567644
1.0106965992670078
9.993681729328355
7.368811046957988
9.320591866399418
0.4229989870270925
1.0154170852285547
10.103681729328354
7.410073658268319
9.422559493163272
0.41262611310330766
1.0196762676385367
10.213681729328353
7.450371142434088
9.524912376707945
0.4029748416576934
1.0235288354467387
10.323681729328353
7.489769701166345
9.627614633595615
0.3939855873225732
1.0270225688766956
10.433681729328352
7.528329966761364
9.730634563304587
0.3856026559501874
1.030199297089724
10.543681729328352
7.566107370626719
9.833944135741966
0.3777740386535553
1.0330957243737786
10.653681729328353
7.603152487544964
9.937518550114017
0.37045116918244614
1.0357441437205228
10.763681729328352
7.639511352857389
10.041335855575067
0.36358865312425387
1.0381730546104975
10.873681729328352
7.675225750196555
10.145376625577505
0.35714397339165804
1.0404077000243792
10.983681729328351
7.710333467458232
10.249623679198574
0.3510771726167665
1.0424705362106967
11.09368172932835
7.744868518358543
10.354061843962768
0.34535050900311903
1.044381647641937
11.20368172932835
7.778861326092809
10.458677755861203
0.3399280773426566
1.0461591189843567
11.31368172932835
7.812338864139189
10.563459693457112
0.33477538046380173
1.0478193759590997
11.423681729328349
7.845324746839582
10.668397444254792
0.3298588270039238
1.0493775079767984
11.533681729328348
7.877839258517114
10.773482203046786
0.32514511677532465
1.0508475879199421
11.643681729328348
7.909899303603634
10.878706503990296
0.32060045086519484
1.052243009435099
11.753681729328347
7.941518249780576
10.984064191145338
0.31618946176942003
1.0535768715504172
11.863681729328347
7.9727056180410205
11.089550436983302
0.31187368260444853
1.0548624583796409
11.973681729328346
8.00346654080999
11.195161826664537
0.30760922768969573
1.0561138968123416
12.083681729328347
8.033800846409044
11.300896541417181
0.3033430559905419
1.0573471475264495
12.193681729328347
8.063701498776977
11.406754705901418
0.2990065236793424
1.0585816448423782
12.303681729328346
8.09315183026817
11.512739034814041
0.294503314911922
1.0598432891262224
12.413681729328347
8.122120270040433
11.618856090451487
0.2896843977226294
1.0611705563744585
12.523681729328349
8.150549095225868
11.72511898095695
0.2842882518543419
1.0626289050546303
12.633681729328348
8.178325613635955
11.83155424308851
0.27776518410087037
1.0643526213156098
12.743681729328348
8.205179418330406
11.938226044298728
0.26853804694451
1.0667180121021806
12.853681729328349
8.229827808901415
12.045428921322896
0.2464839057100923
1.0720287702416846
12.963681729328348
8.253771458823868
12.142656662226777
0.2394364992245332
0.9722774090388053
13.063814301316095
8.277012171217313
12.229909139784244
0.23240712393445143
0.8725247755746647
13.154108960917153
8.299553288819656
12.307186119001864
0.22541117602342411
0.7727697921762089
13.234606373917591
8.321392014394744
12.374330424634946
0.21838725575087942
0.6714430563308178
13.30521294382219
8.343240991453422
12.441476880613392
0.21848977058677532
0.6714645597844465
13.375824730012427
8.365102313937477
12.50862453134284
0.21861322484054624
0.6714765072944712
13.446441473205779
8.386978404660852
12.575772326699093
0.21876090723374061
0.6714779535625389
13.517062927216177
8.408872071827744
12.642919102362459
0.2189366716689363
0.6714677566336483
13.58768885831801
8.430786575092291
12.710063556839975
0.21914503264546728
0.6714445447751548
13.658319044643795
8.45272570278502
12.777204224552237
0.21939127692729143
0.6714066771226295
13.7289532756141
8.47469386220597
12.844339444237376
0.21968159420949657
0.671352196851381
13.799591351398453
8.496696185204398
12.911467321772852
0.22002322998427182
0.6712787753547688
13.870233082406017
8.518738651637598
12.978585686329001
0.22042466433200816
0.6711836455615035
13.940878288804972
8.540828233734327
13.045692038537311
0.22089582096728755
0.6710635220830976
14.01152680006964
8.562973064890523
13.112783489069498
0.22144831156195083
0.6709145053218797
14.08217845455451
8.585182637006168
13.179856685664781
0.22209572115645854
0.6707319659528345
14.152833099094481
8.607468031142506
13.2469077261918
0.22285394136337036
0.6705104052701923
14.22349058863075
8.62984218704916
13.3139320547615
0.22374155906653953
0.670243285696991
14.294150785861966
8.652320217991607
13.380924337182062
0.22478030942447108
0.6699228242056167
14.36481356092045
8.674919778310027
13.447878311119368
0.2259956031842089
0.669539739373051
14.435478791073498
8.697661492267532
13.51478660513336
0.22741713957505205
0.6690829401399118
14.506146360450035
8.72056945400008
13.581640519218201
0.2290796173254767
0.6685391408484206
14.5768161597932
8.743671809753813
13.648429757470351
0.23102355753733686
0.667892382521507
14.647488086239807
8.767001435063909
13.715142100894429
0.23329625310096383
0.6671234342407708
14.718162043128052
8.79059672104258
13.781763004933422
0.23595285978670785
0.666209040389925
14.788837939835402
8.81450248541203
13.848275101813382
0.23905764369450969
0.665120968799591
14.859515691649227
8.838771025186064
13.91465758187386
0.2426853977403542
0.6638248006047777
14.930195219673568
8.86346332871643
13.98088542025449
0.24692303530365384
0.6622783838063062
15.000876450776362
8.88865046476606
14.046928405026337
0.25187136049630543
0.6604298477184746
15.071559317582661
8.914415164700042
14.112749909324245
0.2576469993398155
0.6582150429790807
15.142243758520731
8.940853609776033
14.178305332284575
0.2643844507599082
0.6555542296032917
15.21292971792954
8.968077427284687
14.243540110440922
0.2722381750865438
0.6523477815634736
15.28361714623792
8.996215884496388
14.308387171315841
0.28138457211700874
0.6484706087491966
15.35430600022757
9.025418244284928
14.37276366284556
0.2920235978854078
0.6437649152972014
15.424996243393762
9.055856205284796
14.436566744811893
0.3043796099986806
0.6380308196633286
15.495687846418676
9.087726284090408
14.499668171373377
0.3187007880561164
0.631014265614848
15.5663807877719
9.12125189503162
14.561907329080245
0.33525610941212175
0.622391577068685
15.637075054449204
9.15668472701135
14.623082329182239
0.3543283197973027
0.6117500010199368
15.707770642851752
9.194304783138822
14.68293870262258
0.37620056127473245
0.5985637344034129
15.778467559789224
9.234418107951761
14.741155243845874
0.401133248129389
0.5821654122329345
15.8491658235554
9.27735074777906
14.79732665768543
0.4293263982729952
0.5617141383955532
15.919865464963792
9.323436852916583
14.850942991448102
0.46086105137522776
0.536163337626727
15.99056652813046
9.372998060581217
14.901366559464227
0.4956120766463395
0.5042356801612484
16.061269070635337
9.426310530761048
14.947808449233856
0.5331247017983162
0.46441889769627537
16.131973162469187
9.483555608158591
14.989309051800056
0.5724507739754253
0.41500602566200967
16.202678882885632
9.544750816893393
15.024730616417775
0.6119520873480203
0.35421564617719253
16.273386313980694
9.609661071322856
15.052774368908443
0.6491025442946378
0.2804375249066655
16.344095529673243
9.677697326782319
15.072038855691327
0.6803625545946201
0.19264486782883936
16.41480657907822
9.747822553382395
15.081136369826616
0.7012522660007635
0.09097514135290016
16.485519464531677
9.81842937735576
15.0788655012642
0.706068239733631
-0.022708685624152236
16.556162797094867
9.884064781663543
15.064583265052235
0.6563540430778314
-0.1428223621196451
16.62333413450794
9.944608493474302
15.038340120348714
0.605437118107588
-0.2624314470352084
16.689320827740396
9.99994120750764
15.000187532932927
0.5533271403333764
-0.3815258741578809
16.75653190695219
10.049944147132257
14.950178156286281
0.5000293962461804
-0.5000937664664633
16.827251294136254
