377
1
2
0.9
-0.2
0
1.1010323309422423
1.9868766033752752
1.010323309422422
-0.1312339662472486
0.10188108477334058
1.208519552483971
1.9850374607067791
1.0748722154172852
-0.018391426684961562
0.20938403933978836
1.3180396608692302
1.9953012738033358
1.0952010838525934
0.1026381309655675
0.3193840393397883
1.4263826904955912
2.014321997537765
1.0834302962636093
0.19020723734429237
0.4293840393397884
1.5337783321291187
2.0381164539955816
1.0739564163352753
0.23794456457816646
0.5393840393397884
1.6411569838134645
2.0619874649178684
1.073786516843458
0.23871010922286984
0.6493840393397884
1.7469860326472981
2.091991005091089
1.0582904883383366
0.3000354017322046
0.7593840393397884
1.851747749294773
2.125531767233208
1.0476171664747473
0.33540762142119146
0.8693840393397885
1.9579700469994454
2.154111890926781
1.0622229770467253
0.2858012369357283
0.9793840393397885
2.0611149669086117
2.1923365622390594
1.031449199091661
0.38224671312278274
1.0893840393397887
2.159632386925372
2.2412683305827565
0.9851742001676018
0.48931768343697374
1.1993840393397885
2.255333430200373
2.2955021790178103
0.9570104327500111
0.5423384843505361
1.3093840393397884
2.3529063064267564
2.34629129030075
0.9757287622638352
0.5078911128293983
1.4193840393397883
2.453033042243151
2.3918394711069455
1.0012673581639489
0.4554818080619538
1.5293840393397884
2.5492826031665374
2.4450937856932335
0.9624956092338631
0.5325431458628821
1.6393840393397883
2.6437734800985493
2.501409628727138
0.94490876932012
0.5631584303390443
1.7493840393397881
2.738193556711148
2.5578440963198337
0.944200766125987
0.5643446759269545
1.8593840393397882
2.8343300207303708
2.6113023069696557
0.961364640192224
0.5345821064982219
1.9693840393397883
2.9330248616945687
2.659875225011006
0.9869484096419774
0.48572918041350127
2.0793840393397884
3.0297936169782744
2.7121801769834746
0.9676875528370574
0.5230495197246886
2.1893840393397883
3.1257306990628244
2.7659953819083123
0.9593708208455015
0.5381520492483781
2.299384039339788
3.2191866159447264
2.8240125483313894
0.9345591688190203
0.5801716642307704
2.409384039339788
3.315867502188476
2.876479740319556
0.9668088624374971
0.5246719198816655
2.519384039339788
3.4071787961062565
2.9378169036307225
0.9131129391778064
0.6133716331116623
2.629384039339788
3.4935533443338307
3.005930319478722
0.8637454822757399
0.681134158479994
2.739384039339788
3.573897695328815
3.081062105449739
0.803443509949845
0.7513178597101718
2.849384039339788
3.6584457820394363
3.1514298610880513
0.8454808671062121
0.7036775563831262
2.959384039339788
3.743296756337335
3.2214320907718075
0.8485097429789871
0.7000222968375606
3.0693840393397878
3.8229457795197614
3.2973006159063143
0.7964902318242644
0.7586852513450686
3.1793840393397876
3.903762354036814
3.371924213268876
0.8081657451705251
0.7462359736256153
3.2893840393397875
3.978131856747862
3.4529746732707256
0.743695027110477
0.810504600018499
3.3993840393397874
4.051199479560714
3.535200718393173
0.730676228128524
0.8222604512244726
3.5093840393397877
4.129754350302015
3.6122015773677165
0.7855487074130089
0.7700085897454335
3.6193840393397876
4.212775436618322
3.684364581925872
0.8302108631630681
0.7216300455815524
3.7293840393397875
4.29270358022396
3.7599389946576722
0.7992814360563798
0.755744127318004
3.839384039339788
4.368383409724428
3.8397673317741376
0.7567982950046834
0.7982833711646536
3.9493840393397877
4.449074890229954
3.9145261772295505
0.8069148050552607
0.7475884545541288
4.059384039339788
4.530924974985937
3.988014704398344
0.8185008475598246
0.7348852716879342
4.169384039339788
4.612217511568325
4.062119518654916
0.8129253658238819
0.741048142565723
4.279384039339789
4.694528591055223
4.135091336459475
0.8231107948689785
0.7297181780455785
4.389384039339789
4.770388179463127
4.214748871235435
0.7585958840790419
0.7965753477596058
4.499384039339788
4.847137649367454
4.2935493716742315
0.7674946990432716
0.7880050043879658
4.609384039339789
4.917884534093111
4.377780472234622
0.7074688472565692
0.8423110056039048
4.719384039339788
4.990973086249678
4.4599879143773915
0.7308855215656651
0.8220744214276988
4.829384039339788
5.059276653708728
4.546212172404742
0.6830356745904945
0.862242580273503
4.939384039339789
5.12660255170051
4.633201961803269
0.6732589799178217
0.8698978939852737
5.049384039339789
5.1882311666110015
4.724316800464238
0.6162861491049081
0.9111483866096911
5.159384039339789
5.246189803384085
4.817809027004233
0.5795863677308347
0.9349222653999518
5.26938403933979
5.305286456420141
4.910586101758376
0.590966530360565
0.9277707475414364
5.379384039339789
5.358024828225543
5.007119329920058
0.5273837180540172
0.9653322816168126
5.4893840393397895
5.418070009035373
5.099285355447444
0.6004518080983026
0.9216602552738615
5.599384039339789
5.470190217301588
5.1961537398165785
0.521202082662157
0.968683843691341
5.709384039339789
5.5123440243442685
5.2977561834476665
0.42153807042680475
1.0160244363108826
5.8193840393397895
5.556975350090498
5.398294955879669
0.4463132574622954
1.0053877243200233
5.92938403933979
5.612841395574529
5.493052461978005
0.5586604548403056
0.9475750609833624
6.03938403933979
5.679396048346012
5.580633728208103
0.6655465277148268
0.8758126623009841
6.1493840393397905
5.755566652188327
5.659993914134657
0.7617060384231509
0.7936018592655323
6.259384039339791
5.840149670049724
5.73031967818638
0.8458301786139729
0.7032576405172255
6.369384039339791
5.931645626242588
5.791381040768242
0.9149595619286348
0.6106136258186192
6.4793840393397915
6.029250999050706
5.842107672816784
0.9760537280811842
0.507266320485425
6.589384039339792
6.13031416576471
5.885538495209845
1.0106316671400302
0.4343082239306126
6.699384039339792
6.234697871767692
5.920237802423145
1.0438370600298221
0.3469930721330006
6.809384039339792
6.341787506468219
5.945373636200993
1.0708963470052733
0.2513583377784816
6.919384039339792
6.449830828031025
5.9660289179874075
1.0804332156280558
0.2065528178641463
7.029384039339791
6.5582427476833836
5.9846529797702335
1.0841191965235866
0.1862406178282631
7.139384039339792
6.6679298796328075
5.99294352165298
1.0968713194942432
0.08290541882746764
7.249384039339791
6.777861769585069
5.99681386679571
1.0993188995226157
0.03870345142730205
7.359384039339791
6.887810761583288
5.9934643655528905
1.0994899199821864
-0.03349501242820179
7.469384039339792
6.9978106057996445
5.9932792375502455
1.0999984421635622
-0.0018512800264542586
7.579384039339792
7.107647582385361
5.9992657703121015
1.0983697658571645
0.05986532761856201
7.689384039339792
7.21757116956875
5.995166382463175
1.099235871833888
-0.04099387848925985
7.799384039339792
7.327482886818612
5.990760203712115
1.0991171724986242
-0.044061787510605036
7.909384039339792
7.437472982144246
5.992236323713374
1.0999009532563324
0.014761200012590975
8.019384039339792
7.547452788248121
5.994343988144446
1.0997980610387523
0.021076644310727026
8.129384039339792
7.65745115720265
5.993744966155518
1.0999836895452941
-0.005990219889285781
8.239384039339791
7.7673009094547805
5.99949230729257
1.0984975225213005
0.057473411370524086
8.349384039339792
7.877298322732423
5.9987379385315345
1.09997413277642
-0.007543687610359772
8.459384039339792
7.987298321945126
5.998724777780028
1.099999992127028
-0.00013160751506090604
8.569384039339791
8.097066868403193
5.99159272278282
1.0976854645806695
-0.07132054997207918
8.67938403933979
8.207039272778141
5.994056515792119
1.0997240437494913
0.0246379300929915
8.78938403933979
8.31703747950291
5.994684621941783
1.0999820672476783
0.006281061496641623
8.89938403933979
8.426528691012173
5.984117001479553
1.0949121150926344
-0.10567620462229822
9.009384039339789
8.53648697132015
5.981087712501545
1.0995828030797736
-0.030292889780076666
9.119384039339788
8.646477594497442
5.979651462846754
1.0999062317729231
-0.014362496547907852
9.22938403933979
8.756326240153232
5.985419915636611
1.0984864565578947
0.057684527898566866
9.33938403933979
8.865959680075134
5.994392588086366
1.0963343992190258
0.0897267244975426
9.449384039339789
8.975818586458054
5.999962210007914
1.0985890638291924
0.05569621921548109
9.55938403933979
9.08577803294621
5.996975551671536
1.0995944648815645
-0.02986658336378219
9.66938403933979
9.19562996778495
5.991270079545092
1.0985193483873816
-0.05705472126443703
9.77938403933979
9.30554189402332
5.986869117085453
1.099119262383698
-0.04400962459639626
9.88938403933979
9.414517065159238
5.971888727374324
1.0897517113591846
-0.1498038971112846
9.999384039339791
9.521052238923602
5.944497912289757
1.065351737643632
-0.27390815084567
10.109384039339792
9.629743705372924
5.927581496561361
1.0869146644932202
-0.16916415728395495
10.219384039339792
9.739424513543531
5.919207708945082
1.0968080817060686
-0.08373787616278545
10.329384039339791
9.849049127407282
5.910127839164979
1.096246138637504
-0.09079869780102948
10.439384039339792
9.959005650898842
5.913220239793933
1.0995652349156027
0.0309240062895407
10.549384039339792
10.06856917748779
5.903430773955964
1.095635265889486
-0.0978946583796897
10.659384039339791
10.176545084909625
5.882425931265973
1.0797590742183518
-0.21004842689991232
10.76938403933979
10.28207491292272
5.851386353312552
1.0552982801309543
-0.3103957795342106
10.87938403933979
10.384065776591916
5.810181211303193
1.0199086366919607
-0.41205142009359247
10.98938403933979
10.48673440860086
5.770695112465602
1.0266863200894418
-0.3948609883759102
11.099384039339789
10.589559537441572
5.731618356217276
1.0282512884071144
-0.39076756248326117
11.209384039339788
10.693470457396009
5.695527904374405
1.039109199544369
-0.3609045184287123
11.319384039339788
10.800507046746562
5.670167136637581
1.0703658935055298
-0.2536076773682313
11.429384039339787
10.909182663730217
5.653149196890891
1.086756169836547
-0.1701793974669031
11.539384039339788
11.018024742525034
5.637230595079714
1.0884207879481722
-0.15918601811176758
11.649384039339788
11.12443501972574
5.609358513957755
1.064102772007052
-0.2787208112195927
11.759384039339787
11.233143050571924
5.592548872987618
1.08708030846185
-0.16809640970136405
11.869384039339787
11.342368291656895
5.579516347908798
1.0922524108497051
-0.13032525078819965
11.979384039339788
11.452164970707264
5.572831344579696
1.0979667905036978
-0.0668500332910116
12.089384039339787
11.562126863030885
5.575726553830904
1.0996189232362146
0.028952092512079693
12.199384039339787
11.671514078891882
5.5873212511611445
1.0938721586099596
0.11594697330240032
12.309384039339788
11.779457949996162
5.608490112515084
1.0794387110428125
0.21168861353939528
12.419384039339787
11.888102386652822
5.625705988431145
1.0864443665665904
0.17215875916060847
12.529384039339787
11.996681682283935
5.6433280359924085
1.0857929563111268
0.17622047561263587
12.639384039339788
12.103853034144779
5.668113139186043
1.0717135186084432
0.247851031936344
12.749384039339787
12.208580785466125
5.701759804744076
1.0472775132134706
0.3364666555803246
12.859384039339787
12.309826241289723
5.744763963555426
1.0124545582359812
0.430041588113504
12.969384039339786
12.410691194319798
5.788653156419285
1.0086495303007397
0.43889192863858506
13.079384039339786
12.511950581900507
5.831624500670771
1.0125938758070903
0.4297134425148635
13.189384039339787
12.608751550978186
5.883869810370516
0.9680096907767869
0.5224530969974526
13.299384039339786
12.7091458323486
5.928825213473125
1.0039428137041455
0.4495540310260862
13.409384039339786
12.81294261168639
5.965242635115827
1.0379677933778904
0.3641742164270189
13.519384039339787
12.914154240143263
6.008326347410703
1.0121162845687421
0.4308371229487601
13.629384039339786
13.010130457541885
6.062071725759473
0.9597621739862171
0.5374537834877066
13.739384039339786
13.108738612955005
6.1108203840591875
0.9860815541311849
0.4874865829971393
13.849384039339787
13.20207457381213
6.169030335191939
0.9333596085712449
0.5820995113275159
13.959384039339788
13.28907919972734
6.236337058996878
0.8700462591521035
0.6730672380493876
14.069384039339788
13.374470139287052
6.305679596022211
0.8539093955971239
0.6934253702533206
14.179384039339787
13.456580573800457
6.378877113357294
0.8211043451340484
0.7319751733508357
14.289384039339787
13.53899546544717
6.4517316645868545
0.8241489164671304
0.728545512295598
14.399384039339788
13.615812713433074
6.530466094234069
0.7681724798590404
0.7873442964721423
14.509384039339787
13.687637120199273
6.6137802862585
0.7182440676619803
0.8331419202443081
14.619384039339788
13.75781132702872
6.698489085658904
0.701742068294468
0.8470879940040483
14.729384039339788
13.825987968616563
6.784813737652429
0.681766415878412
0.8632465199352409
14.83938403933979
13.891906731808309
6.872874606710544
0.6591876319174573
0.8806086905811543
14.94938403933979
13.952178593226366
6.964892554531622
0.6027186141805643
0.9201794782107784
15.059384039339792
14.016164130044151
7.054367976174327
0.6398553681778559
0.8947542164270481
15.169384039339791
14.075989531626997
7.146676812833942
0.5982540158284475
0.9230883665961432
15.279384039339792
14.140362548204402
7.235873868484479
0.6437301657740617
0.8919705565053698
15.389384039339792
14.208887312175998
7.321922440364768
0.685247639715949
0.860485718802887
15.499384039339793
14.286543801791439
7.399829241227125
0.7765648961543998
0.7790680086235773
15.609384039339794
14.3695532545762
7.4720056275898035
0.8300945278476071
0.7217638636267809
15.719384039339795
14.445827588803633
7.551266121772983
0.7627433422743296
0.7926049418317961
15.829384039339795
14.522262452788182
7.630371820478345
0.7643486398454822
0.7910569870536265
15.939384039339794
14.5894624002387
7.717458943881565
0.6719994745051803
0.8708712340321971
16.049384039339795
14.665842022060348
7.796617982344535
0.7637962182164794
0.7915903846297052
16.159384039339795
14.74692539977324
7.8709515942483605
0.8108337771289145
0.7433361190382572
16.269384039339794
14.828415577276292
7.94483901517047
0.8149017750305263
0.7388742092210941
16.379384039339794
14.905851713807605
8.022964841624365
0.7743613653131219
0.781258264538941
16.489384039339793
14.978620565351445
8.105455412267261
0.7276885154383935
0.8249057064289635
16.599384039339792
15.051217339405785
8.188097462077895
0.7259677405433942
0.8264204981063328
16.709384039339792
15.122982469617494
8.271462719143992
0.7176513021170928
0.8336525706609689
16.81938403933979
15.203144786051253
8.346788697557644
0.801623164337595
0.75325978413651
16.92938403933979
15.275925289289567
8.429268988223823
0.7278050323831544
0.8248029066618011
17.03938403933979
15.341055243343103
8.517914851550797
0.6512995405353516
0.8864586332697314
17.14938403933979
15.402461929672244
8.609179405864475
0.6140668632914099
0.9126455431367915
17.25938403933979
15.468518880482913
8.697136663948143
0.6605695081066941
0.87957258083667
17.36938403933979
15.537044696231217
8.783184398235743
0.6852581574830352
0.8604773428760084
17.479384039339788
15.597826248154853
8.87486647361449
0.6078155192363675
0.9168207537874703
17.589384039339787
15.667480683418338
8.960003185132642
0.6965443526348605
0.8513671151815082
17.699384039339787
15.745100699704832
9.037946325123821
0.7762001628649353
0.7794313999117871
17.809384039339786
15.822077744479975
9.116524531884256
0.7697704477514287
0.7857820676043487
17.919384039339786
15.900043402407956
9.194121929932496
0.7796565792798075
0.7759739804824062
18.029384039339785
15.986404849566698
9.262251955946345
0.8636144715874186
0.6813002601384973
18.139384039339784
16.06759381393464
9.336470229065984
0.8118896436793949
0.7421827311963983
18.249384039339784
16.141302228835954
9.418122354407187
0.7370841490131559
0.8165212534120297
18.359384039339783
16.207416385628473
9.506036621006041
0.6611415679251796
0.8791426659885386
18.469384039339786
16.282735390235466
9.5862054899329
0.7531900460699344
0.8016886892685777
18.579384039339786
16.358648496777494
9.665812023930672
0.7591310654203003
0.7960653399777182
18.689384039339785
16.430909386022122
9.7487479262021
0.7226088924462676
0.8293590227142756
18.799384039339788
16.509465853672584
9.825747156005276
0.7855646765045956
0.7699922980317597
18.90938403933979
16.591485838633783
9.899046010477665
0.8201998496120065
0.7329885447238873
19.01938403933979
16.665389581985508
9.980521385399186
0.7390374335172563
0.8147537492152013
19.12938403933979
16.731084366731896
10.068749471954012
0.6569478474638761
0.8822808655482561
19.23938403933979
16.791780620711823
10.160488039376903
0.6069625397992764
0.9173856742288992
19.34938403933979
16.86077519171701
10.246160375470943
0.6899457100518673
0.8567233609404058
19.45938403933979
16.92923893675234
10.332257504434326
0.6846374503532974
0.8609712896338277
19.569384039339788
16.993672802654842
10.421410613885755
0.6443386590250029
0.8915310945142974
19.679384039339787
17.066194661998892
10.504118412292444
0.7252185934405122
0.8270779840668989
19.789384039339787
17.132981464908593
10.591522776926602
0.6678680290969922
0.8740436463415884
19.899384039339786
17.196443506192132
10.68137025499987
0.634620412835399
0.8984747807326746
20.009384039339785
17.253985663270132
10.775119389176195
0.5754215707799976
0.9374913417632614
20.119384039339785
17.32209108816609
10.86150023832542
0.6810542489595842
0.8638084914922386
20.229384039339784
17.38250553370347
10.953424635361305
0.6041444553737825
0.9192439703588573
20.339384039339784
17.441142469057286
11.046492942600196
0.5863693535381567
0.9306830723889011
20.449384039339787
17.509786530937536
11.13244637632207
0.6864406188024774
0.8595343372187478
20.559384039339786
17.571025038340647
11.22382386376312
0.6123850740311136
0.9137748744104907
20.669384039339786
17.623486481629218
11.320507869514225
0.5246144328857273
0.9668400575110587
20.779384039339785
17.668674453232057
11.420797685659341
0.45187971602838983
1.0028981614511525
20.889384039339784
17.711044081832377
11.522310318234164
0.42369628600318965
1.015126325748231
20.999384039339784
17.755894455123375
11.622751564819708
0.4485037329099816
1.0044124658554434
21.109384039339783
17.795391000732074
11.725416178416507
0.3949654560869854
1.0266461359679875
21.219384039339783
17.83603062020895
11.827633698092807
0.4063961947687557
1.022175196762999
21.329384039339782
17.882845154924436
11.927174641123163
0.4681453471548678
0.9954094303035552
21.43938403933978
17.922338058682268
12.029840655717939
0.3949290375783135
1.0266601459477558
21.54938403933978
17.959957339500104
12.133207912190908
0.37619280817836437
1.0336725647297005
21.65938403933978
18.002839969650903
12.234504901442069
0.42882630150798734
1.012969892511609
21.76938403933978
18.055692541728646
12.330975651541603
0.5285257207774421
0.964707500995346
21.87938403933978
18.098413372521687
12.432340983960298
0.42720830793041636
1.0136533241869385
21.98938403933978
18.142767318248293
12.53300243387277
0.4435394572660538
1.0066144991247317
22.09938403933978
18.177281594606313
12.637447465958946
0.3451427635802002
1.0444503208617548
22.209384039339778
18.211545619893684
12.741974862229524
0.34264025287369965
1.0452739627057814
22.319384039339777
18.256123449705825
12.842537365625372
0.4457782981214105
1.0056250339584725
22.429384039339777
18.293304066251103
12.946063216277821
0.3718061654527678
1.0352585065244861
22.539384039339776
18.338020394327636
13.046564211314447
0.44716328076531214
1.0050099503662653
22.649384039339775
18.382011089810664
13.147384936916476
0.4399069548302709
1.008207256020288
22.759384039339775
18.423817649806285
13.249130755215473
0.41806559995619685
1.017458182989977
22.869384039339774
18.456279375354043
13.35423183215792
0.32461725547759934
1.0510107694244581
22.979384039339774
18.496367287205263
13.456666979072487
0.4008791185121899
1.0243514691456685
23.089384039339773
18.532382159543047
13.560604118587163
0.3601487233778497
1.0393713951467518
23.199384039339773
18.56900962355316
13.664326965058844
0.3662746401011178
1.0372284647168128
23.309384039339772
18.598251378713815
13.770369031028554
0.2924175516065524
1.0604206596970984
23.41938403933977
18.623673238171534
13.877391127166277
0.2542185945771808
1.0702209613772304
23.52938403933977
18.65762698422857
13.98201972329895
0.3395374605703602
1.0462859613267452
23.63938403933977
18.682375323943894
14.089199570664652
0.247483397153243
1.071798473657007
23.74938403933977
18.703236142674733
14.197203395790797
0.20860818730839648
1.0800382512614566
23.85938403933977
18.73128333420228
14.303567652227896
0.2804719152754974
1.0636425643709893
23.96938403933977
18.748038297271314
14.412284123898731
0.16754963069032414
1.0871647167083451
24.079384039339768
18.75774467505469
14.521855042624123
0.09706377783373915
1.0957091872539186
24.189384039339767
18.764610440687772
14.63164056654359
0.06865765633082827
1.0978552391946572
24.299384039339767
18.765123936705994
14.741639367999966
0.005134960182202231
1.0999880145637622
24.409384039339766
18.764811186995715
14.851638923397335
-0.003127497102775035
1.0999955539736843
24.519384039339766
18.759683662849554
14.961519351573287
-0.05127524146162387
1.098804281759519
24.629384039339765
18.75145490244823
15.07121113568795
-0.08228760401322685
1.0969178411466205
24.739384039339765
18.755587705924
15.18113347161396
0.04132803475769345
1.0992233592601037
24.849384039339764
18.756235273193965
15.291131565491222
0.006475672699643829
1.0999809387726167
24.959384039339763
18.759043508896582
15.401095713340593
0.02808235702614795
1.0996414784937207
25.069384039339763
18.762935806450557
15.511026828225104
0.03892297553974297
1.0993111488450995
25.179384039339762
18.755333559340276
15.620763813051889
-0.07602247110279375
1.0973698482678595
25.28938403933976
18.759879364169958
15.730669844089546
0.04545804829684018
1.0990603103765701
25.39938403933976
18.76054547118675
15.84066782725943
0.006661070167919614
1.0999798316988445
25.50938403933976
18.760958371314672
15.950667052317993
0.00412900127923941
1.0999922505856286
25.61938403933976
18.76362350234415
16.060634761563005
0.02665131029477576
1.09967709245013
25.72938403933976
18.77435136211684
16.17011038910036
0.10727859772691044
1.094756275373541
25.83938403933976
18.78471906760537
16.279620711366814
0.10367705488530782
1.0951032226645618
25.94938403933976
18.802004346868223
16.388254127592234
0.17285279262852285
1.0863341622541935
26.059384039339758
18.826003735036004
16.49560415957906
0.23999388167779137
1.073500319868246
26.16938403933976
18.854122496273188
16.601949518041412
0.28118761237184875
1.0634535846235222
26.27938403933976
18.889636672893165
16.706058803213317
0.35514176619974863
1.0410928517190594
26.38938403933976
18.919933675177777
16.81180421281849
0.30297002284613406
1.0574540960517451
26.49938403933976
18.945458308997463
16.91880184395288
0.2552463381968444
1.0699763113439018
26.60938403933976
18.96087486561672
17.02771616707893
0.1541655661925681
1.0891432312604825
26.719384039339758
18.97908308700057
17.13619870334185
0.18208221383850978
1.0848253626292423
26.829384039339757
18.99593014750282
17.244900941370485
0.16847060502247346
1.0870223802863315
26.939384039339757
19.021233752539853
17.351951058475183
0.25303605037033666
1.0705011710469918
27.049384039339756
19.040840898474315
17.460189498173403
0.19607145934460085
1.0823843969821805
27.15938403933976
19.066780643923906
17.567087251218126
0.2593974544959197
1.0689775304472202
27.269384039339762
19.08984552219136
17.674641941448293
0.23064878267456435
1.075546902301681
27.37938403933976
19.123948529851987
17.779221981936423
0.34103007660627577
1.0458004048813128
27.48938403933976
19.1681830042869
17.879935989261458
0.4423447443491089
1.0071400732503508
27.59938403933976
19.2097833089414
17.981766312115962
0.416003046544998
1.018303228545054
27.70938403933976
19.260723781682007
18.079260251604342
0.5094047274060485
0.9749393948837896
27.819384039339763
19.31274509379619
18.176181782163443
0.5202131211418369
0.9692153055910069
27.929384039339762
19.358019005278486
18.276432831729487
0.4527391148229309
1.0025104956604443
28.03938403933976
19.409554988289745
18.37361329506993
0.5153598301126034
0.9718046334044249
28.14938403933976
19.45197435981097
18.47510515149075
0.4241937152122405
1.0149185642082013
28.25938403933976
19.506028988395407
18.57090753730968
0.5405462858443834
0.9580238581892637
28.369384039339764
19.570659877406207
18.65991791976967
0.6463088901079963
0.8901038245999001
28.479384039339763
19.64383312059843
18.74204998708038
0.7317324319222339
0.8213206731071447
28.589384039339762
19.725173634841195
18.816102135885952
0.8134051424276549
0.7405214880557123
28.699384039339762
19.81286707562804
18.8825089159838
0.8769344078684763
0.664067800978458
28.80938403933976
19.904111207813376
18.943945943432606
0.9124413218533278
0.6143702744880748
28.919384039339764
19.998411797857198
19.00057984421109
0.9430059004382141
0.5663390077848367
29.029384039339764
20.0973545735335
19.04864570674854
0.9894277567630135
0.4806586253745072
29.139384039339767
20.199062192526117
19.090545112935892
1.0170761899261638
0.4189940618735282
29.249384039339766
20.30170245288429
19.130104902541078
1.0264026035817269
0.39559789605185297
29.359384039339766
20.405560896164868
19.16634609125412
1.0385844328058067
0.36241188713043215
29.469384039339765
20.511605412579023
19.195578958689392
1.0604451641415407
0.292328674352724
29.579384039339764
20.61820346682248
19.22272402880367
1.0659805424345696
0.2714507011427685
29.689384039339764
20.72631055139568
19.24304294277766
1.0810708457320277
0.2031891397398955
29.799384039339763
20.83422232769147
19.264374809472525
1.0791177629578976
0.2133186669486357
29.909384039339763
20.941402508364302
19.28912170566052
1.071801806728304
0.24746896187995673
30.019384039339762
21.049314295870587
19.31045351564463
1.0791178750628592
0.21331809984110486
30.12938403933976
21.15721993679894
19.331816395971078
1.0790564092834982
0.2136288032644561
30.239384039339765
21.266280016164664
19.346165580224614
1.090600793657243
0.14349184253535752
30.349384039339768
21.375139207475534
19.36196673420601
1.0885919131086845
0.15801153981394642
30.45938403933977
21.48441355805595
19.37458086537817
1.0927435058041557
0.12614131172158835
30.569384039339774
21.59374301657263
19.386708086842685
1.0932945851668088
0.12127221464513556
30.679384039339773
21.703520013300054
19.39370887176349
1.0977699672742294
0.0700078492080524
30.789384039339772
21.81350813449825
19.395325409820973
1.0998812119819446
0.016165380574829538
30.899384039339775
21.9235056076005
19.394579815346727
1.0999747310224892
-0.007455944742466037
31.00938403933978
22.033489271008285
19.39268408767562
1.0998366340778523
-0.01895727671108591
31.119384039339778
22.143488096675227
19.392175804394473
1.0999882566694112
-0.005082832811462485
31.229384039339777
22.253484093658916
19.391237376152986
1.0999599698368838
-0.009384282414846973
31.339384039339777
22.363466411852873
19.389265147798188
1.0998231819395574
-0.01972228354798945
31.44938403933978
22.473167151119515
19.381156645818674
1.0970073926664419
-0.08108501979512195
31.55938403933978
22.582699579445634
19.371025153086446
1.0953242832612085
-0.10131492732228412
31.66938403933978
22.6924534499867
19.36367070536724
1.0975387054106776
-0.07354447719206661
31.779384039339778
22.80239550594232
19.360100784884718
1.0994205595561901
-0.03569920482523704
31.88938403933978
22.91237462973615
19.35795781275653
1.0997912379382653
-0.021429721281863878
31.99938403933978
23.022097235906838
19.350150784185278
1.0972260617068665
-0.07807028571255102
32.10938403933978
23.13209627327595
19.349690590890265
1.0999903736911167
-0.004601932950127906
32.21938403933978
23.242087558467016
19.351075214310868
1.0999128519106922
0.013846234206011604
32.32938403933978
23.352044223140282
19.354162590855893
1.0995666467326672
0.03087376545026628
32.43938403933978
23.461945460938725
19.358822840888884
1.0990123779844339
0.04660250032991918
32.54938403933978
23.571775386658494
19.364937365922767
1.0982992571976924
0.06114525033882304
32.65938403933978
23.681522091146
19.372397986147124
1.0974670448750585
0.07460620224355727
32.769384039339776
23.791176859744702
19.38110612737042
1.0965476859870324
0.0870814122329485
32.879384039339776
23.90073352690121
19.39097206278264
1.095566671565078
0.0986593541222353
32.989384039339775
24.01018794372379
19.401914212389965
1.0945441682257935
0.10942149607324089
33.099384039339775
24.119537538888615
19.413858501288388
1.093495951648245
0.11944288898423132
33.209384039339774
24.22878095634986
19.42673777694303
1.0924341746124462
0.12879275654641142
33.31938403933977
24.33791775587536
19.440491285198412
1.0913679952549962
0.13753508255383579
33.42938403933977
24.446948164544306
19.45506420479206
1.090304086689449
0.14572919593645928
33.53938403933977
24.555872869043508
19.47040724066379
1.0892470449920355
0.15343035871729643
33.64938403933977
24.664692839905957
19.486476277395834
1.0881997086244868
0.16069036732045358
33.75938403933977
24.773409179749258
19.50323209582036
1.087163398433023
0.16755818424523558
33.86938403933977
24.88202298805723
19.520640158459244
1.0861380830797063
0.17408062638887076
33.97938403933977
24.99053523501327
19.538670473502293
1.0851224695603878
0.18030315043050502
34.08938403933977
25.098946636148263
19.5572975533579
1.0841140113499552
0.1862707985560529
34.19938403933977
25.20725751773334
19.57650049402499
1.0831088158507511
0.19202940667091548
34.30938403933977
25.315467659192038
19.59626321867238
1.082101414586979
0.19762724647391022
34.41938403933977
25.423576091834963
19.61657495891024
1.0810843264292438
0.20311740237859538
34.52938403933977
25.531580819751703
19.63743110303208
1.0800472791674016
0.20856144121839237
34.63938403933977
25.639478401474516
19.658834650830713
1.0789758172281494
0.2140354779863546
34.749384039339766
25.747263272000612
19.680798750759294
1.077848705260958
0.21964099928582664
34.859384039339766
25.85492654369404
19.70335135433996
1.076632716934294
0.2255260358066903
34.969384039339765
25.96245363957274
19.72654453549075
1.0752709587869789
0.2319318115078894
35.079384039339764
26.0698188428986
19.750475960747025
1.0736520332586026
0.23931425256275163
35.189384039339764
26.17696922632228
19.77535155786866
1.0715038342368182
0.2487559712163652
35.29938403933976
26.28374695752422
19.801781013394013
1.0677773120193852
0.2642945552535213
35.40938403933976
26.38700235143115
19.839706250758127
1.0325539390693173
0.3792523736411366
35.51938403933976
26.482542953745458
19.871268942194515
0.9554060231430926
0.315626914363893
35.62000317360999
26.570368659976324
19.89646921440378
0.8782570623086619
0.25200272209265495
35.7113727987289
26.65047949195729
19.91530704091125
0.8011083198096822
0.1883782650747272
35.79366866197979
26.722875766638907
19.927782037413532
0.7239627468161425
0.12474996502279719
35.86713189173119
26.790191581244926
19.936064633399713
0.6731581460601898
0.08282595986181389
35.93495534115941
26.85763881301454
19.944452305554183
0.6744723176961178
0.08387672154468477
36.00292211331724
26.9252110921792
19.952938456855197
0.6757227916466311
0.08486151301013707
36.07102517988117
26.992902400754982
19.96151659577168
0.6769130857578303
0.08578138916483496
36.13925785331532
27.060707060476975
19.970180293061087
0.6780465972199439
0.08663697289408227
36.20761377135273
27.128619722241403
19.97892313425606
0.6791266176442712
0.08742841194972706
36.276086882134194
27.19663535712169
19.9877386669425
0.6801563488028589
0.08815532686439508
36.34467142999094
27.26474924904093
19.996620341783714
0.6811389191923847
0.08881674841214282
36.41336194185663
27.332956989200017
20.005561446070963
0.6820774015908815
0.08941104287249137
36.48215321429351
27.40125447237788
20.01455502837549
0.6829748317786155
0.0899358230452554
36.55104030111752
27.469637895236822
20.023593812635422
0.6838342285894264
0.09038784259930265
36.620018501607255
27.538103756781002
20.032670099726342
0.6846586154417919
0.09076287090919177
36.68908334928206
27.606648861127333
20.041775654229152
0.6854510434633171
0.0910555450281138
36.75823060123507
27.675270322753253
20.050901573714103
0.6862146162592138
0.0912591948495281
36.82745622800813
27.743965574380415
20.0600381373948
0.6869525162716338
0.09136563680695593
36.89675640399644
27.812732377631832
20.069174630458015
0.6876680325141804
0.09136493063218432
36.966127498372366
27.88156883655372
20.078299139729367
0.6883645892188583
0.09124509271351912
37.03556606651967
27.950473414010233
20.08739831557347
0.6890457745651535
0.09099175844101223
37.105068841971466
28.01944495082247
20.096457094029805
0.6897153681223794
0.09058778456334386
37.17463272884794
28.088482687308144
20.105458372127323
0.6903773648567164
0.09001278097517054
37.244254794792965
28.157586286551698
20.114382628073685
0.6910359924355401
0.0892425594636084
37.313932264412706
28.226755858248442
20.123207476546007
0.6916957169674449
0.08824848472320931
37.383662513223896
28.295991981254225
20.131907147581355
0.6923612300578351
0.08699671035348104
37.4534430621254
28.36529572194168
20.14045187553506
0.6930374068745436
0.08544727953706134
37.523271572413655
28.434668643985937
20.14880718219763
0.6937292204425709
0.08355306662567712
37.59314584137143
28.50411280309788
20.15693303539022
0.694441591119427
0.08125853192593113
37.66306379847025
28.57363071724291
20.164782861152254
0.6951791414502959
0.07849825762034116
37.73302350224014
28.643225298684246
20.172302383964276
0.695945814413356
0.07519522812021706
37.803023137877155
28.71289972829796
20.17942826531825
0.6967442961371291
0.07125881353976003
37.873061015679575
28.782657244371133
20.186086506420377
0.6975751607317452
0.06658241102126149
37.943135570428595
28.8525008066248
20.19219057606664
0.6984356225366771
0.061040696462642485
38.01324536185981
28.92243258029223
20.19763922014666
0.6993177366742969
0.05448644080018608
38.083389076407755
28.99245316311011
20.202313905528268
0.7002058281787721
0.04674685381608726
38.15356553044736
29.062560447903703
20.206075849553805
0.7010728479359428
0.03761944025536564
38.22377367530236
29.132747972305253
20.208762589296146
0.7018752440155132
0.026867397423413316
38.294012604337915
29.203002551609774
20.210184055895713
0.702545793045224
0.014214665995664271
38.36428156249548
29.273300916864603
20.210118145045506
0.7029836525482928
-0.0006591085020870272
38.43457995864888
29.34360498396217
20.208305825248544
0.7030406709756605
-0.01812319796960615
38.50490738113475
29.413855257917543
20.204445917065676
0.7025027395537413
-0.03859908182866143
38.575263616693405
29.483961730845518
20.19818983419904
0.7010647292797437
-0.06256082866634789
38.64564867277234
29.553791473320913
20.189136837960675
0.6982974247539643
-0.09052996238365209
38.71606280256936
29.623151978217326
20.176830772176242
0.6936050489641283
-0.12306065784431669
38.78650653113746
29.691769264545133
20.160759881016382
0.6861728632780677
-0.1607089115986081
38.85698067906182
29.75925992653415
20.140362233421165
0.6749066198901571
-0.20397647595216722
38.927486377293484
29.82509697131449
20.115040511151136
0.6583704478034063
-0.2532172227002934
38.99802506231191
29.888570828274318
20.084191355934223
0.634738569598265
-0.3084915521691205
39.06859843473348
29.94874987598847
20.04725569033224
0.601790477141509
-0.3693566560198464
39.139208357387766
30.004449724914874
20.00379639978363
0.5569984892640593
-0.43459290548606333
39.20985666313824
30.05422723866913
19.95360657979445
0.497775137542563
-0.5018981998918157
39.280544843947354
