926
1
2
0.9
0.0
0
1.1009145067777548
2.0070621202056
1.0091450677775482
0.07062120205600017
0.10116131286216025
1.2104992972217545
2.016610612408282
1.0958479044399967
0.09548492202682006
0.21116131286216028
1.3201768840623413
2.0250264869811088
1.0967758684058675
0.08415874572826751
0.3211613128621604
1.429546554571502
2.036785533401531
1.093696705091606
0.11759046420422224
0.4311613128621605
1.537667814759387
2.0570288803427776
1.0812126018788493
0.20243346941246826
0.5411613128621604
1.643301386337079
2.0877135435434817
1.0563357157769195
0.30684663200703916
0.6511613128621604
1.749389200021118
2.11678889027814
1.0608781368403908
0.29075346734658375
0.7611613128621604
1.8541450884965307
2.1503478507764466
1.047558884754127
0.33558960498306545
0.8711613128621604
1.9551222936676975
2.193978161751961
1.0097720517116682
0.4363031097551431
0.9811613128621605
2.0564650367524067
2.2367525515672075
1.0134274308470907
0.4277438981524636
1.0911613128621604
2.156542400303406
2.282409109745427
1.000773635509992
0.45656558178219436
1.2011613128621605
2.2586963830431643
2.3232081760387278
1.021539827397583
0.4079906629330094
1.3111613128621606
2.361566595469838
2.362166094300501
1.028702124266738
0.38957918261773294
1.4211613128621607
2.4611906960598886
2.408803403202533
0.9962410059005025
0.46637308902031993
1.5311613128621608
2.5606670751647576
2.455754973998241
0.9947637910486904
0.4695157079570798
1.6411613128621607
2.664515220814743
2.4920256597521573
1.0384814564998572
0.3627068575391643
1.7511613128621606
2.769189797635643
2.5258373880038376
1.0467457682090016
0.3381172825168019
1.8611613128621605
2.8717303318219103
2.565654957603136
1.0254053418626703
0.3981756959929879
1.9711613128621606
2.9696592918138305
2.6157540473643373
0.9792895999192022
0.5009908976120115
2.0811613128621604
3.0672651058697404
2.66647983037932
0.9760581405591009
0.5072578301498268
2.1911613128621603
3.160427266961745
2.7249675362726733
0.9316216109200445
0.5848770589335344
2.3011613128621606
3.248747486176612
2.7905384053979017
0.8832021921486694
0.6557086912522854
2.4111613128621605
3.3383175627326485
2.854391372327762
0.8957007655603612
0.6385296692986029
2.521161312862161
3.425872863040435
2.920980180606731
0.8755530030778661
0.6658880827896911
2.6311613128621607
3.512604164680751
2.9886387448523357
0.8673130164031553
0.6765856424560459
2.741161312862161
3.5980412422144115
3.057924427229774
0.8543707753366062
0.6928568237743828
2.851161312862161
3.6792886664455433
3.132078699229481
0.8124742423113194
0.7415427199970666
2.9611613128621608
3.7532273273759977
3.2135223878726857
0.7393866093045433
0.8144368864320495
3.0711613128621607
3.8238881058744694
3.297825735267614
0.7066077849847167
0.8430334739492805
3.1811613128621605
3.89450343751857
3.3821671541363623
0.7061533164410068
0.8434141886874845
3.2911613128621604
3.972215339623421
3.4600186812327913
0.777119021048513
0.7785152709642894
3.4011613128621603
4.056049414756033
3.5312355882609654
0.8383407513261174
0.7121690702817421
3.51116131286216
4.138658722601339
3.603869617870505
0.826093078453061
0.7263402960953943
3.6211613128621605
4.217156209777753
3.680928974907719
0.7849748717641336
0.7705935703721402
3.731161312862161
4.289184452795294
3.764067005963344
0.720282430175415
0.8313803105562453
3.841161312862161
4.359460519017527
3.848691319941824
0.7027606622223289
0.8462431397847985
3.951161312862161
4.4247568574589975
3.9372146964371706
0.652963384414704
0.8852337649534701
4.06116131286216
4.484355331275769
4.0296702096243875
0.5959847381677157
0.9245551318721668
4.171161312862161
4.545819119027459
4.120896317703244
0.6146378775168926
0.9122610807885698
4.281161312862161
4.603739385489661
4.21441232025333
0.5792026646220165
0.9351600255008532
4.391161312862161
4.658157806761622
4.310008530566644
0.5441842127196116
0.9559621031331402
4.501161312862162
4.721349053548052
4.400046668761391
0.6319124678643044
0.9003813819474747
4.611161312862161
4.788644914351169
4.487059697204076
0.6729586080311613
0.8701302844268565
4.7211613128621615
4.865168515064105
4.566079558846116
0.7652360071293591
0.7901986164204007
4.831161312862162
4.9362189027479095
4.650054807639919
0.7105038768380436
0.8397524879380294
4.941161312862162
5.000344858345371
4.739429646485718
0.6412595559746131
0.8937483884579834
5.051161312862162
5.060808732895875
4.831321538806754
0.6046387455050453
0.9189189232103588
5.161161312862163
5.118603967649263
4.924914865704566
0.5779523475338794
0.9359332689781243
5.271161312862162
5.172349053768625
5.020891246747103
0.5374508611936191
0.9597638104253763
5.381161312862162
5.228088784409793
5.115723110738328
0.5573973064116761
0.9483186399122439
5.491161312862162
5.281991303148174
5.211611162515692
0.5390251873838087
0.9588805177736432
5.601161312862162
5.33057945769559
5.3102985033334305
0.48588154547416024
0.986873408177382
5.7111613128621626
5.378293635081092
5.409411354550741
0.4771417738550199
0.9911285121731113
5.821161312862162
5.418090666838419
5.511959861430687
0.39797031757326784
1.0254850687994597
5.931161312862161
5.461091338644399
5.613206798294151
0.4300067180598103
1.0124693686346422
6.041161312862161
5.502722232727597
5.71502461921875
0.41630894083197034
1.0181782092459861
6.151161312862161
5.5395489257087895
5.818676896975049
0.3682669298119246
1.036522777562992
6.2611613128621615
5.586799580000828
5.918011561966552
0.47250654292038274
0.9933466499150378
6.371161312862161
5.630339675835164
6.01902769956217
0.43540095834336134
1.01016137595618
6.481161312862161
5.676966312403263
6.118656795524878
0.4662663656809898
0.9962909596270768
6.591161312862161
5.719574885931938
6.2200693660566
0.4260857352867448
1.0141257053172226
6.701161312862161
5.764423533355577
6.320511383281813
0.4484864742363876
1.004420172252138
6.81116131286216
5.816997753039341
6.417134110549488
0.5257421968376335
0.9662272726767442
6.921161312862161
5.8730392550732375
6.511787953840633
0.5604150203389706
0.9465384329114541
7.03116131286216
5.9261483000262
6.608117748526308
0.5310904495296188
0.9632979468567489
7.14116131286216
5.977439285603636
6.705427741838892
0.5129098557743665
0.9730999331258424
7.25116131286216
6.0334342486334815
6.800109123933189
0.559949630298454
0.9468138209429693
7.36116131286216
6.085243204101559
6.897144334724461
0.518089554680776
0.9703521079127284
7.47116131286216
6.129397206770999
6.997893647616744
0.4415400266944034
1.0074931289228257
7.581161312862159
6.169560704541934
7.100299181875416
0.4016349777093453
1.0240553425867247
7.6911613128621585
6.20119628814366
7.20565187453288
0.31635583601726636
1.0535269265746445
7.801161312862159
6.229115182678323
7.31204987887489
0.27918894534662947
1.0639800434200994
7.911161312862159
6.2579673887539435
7.418198596269732
0.2885220607562009
1.0614871739484162
8.021161312862159
6.281672005425019
7.525614103290261
0.23704616671075643
1.0741550702052922
8.131161312862158
6.302581144554352
7.633608584171786
0.20909139129332177
1.0799448088152575
8.241161312862157
6.3207102171431
7.742104375459153
0.18129072588748069
1.0849579128736702
8.351161312862157
6.343571274735809
7.849702572682633
0.2286105759270924
1.075981972234797
8.461161312862156
6.378878161425041
7.953882339203362
0.35306886689231487
1.041797665207298
8.571161312862156
6.4095393223829795
8.059522734927306
0.30661160957938743
1.0564039572394346
8.681161312862155
6.447945768753271
8.162600108182575
0.38406446370291375
1.0307737325526847
8.791161312862156
6.497642588148726
8.260733823805573
0.49696819395455044
0.9813371562299842
8.901161312862156
6.548226236043472
8.358413374202062
0.5058364789474658
0.9767955039648936
9.011161312862155
6.604092002190531
8.453171044988137
0.5586576614705825
0.9475767078607519
9.121161312862155
6.6634790950374505
8.545762476574387
0.5938709284691951
0.925914315862508
9.231161312862154
6.731723082514046
8.632033898107212
0.6824398747659552
0.8627142153282438
9.341161312862154
6.79732144691581
8.720333697584975
0.6559836440176453
0.882997994777639
9.451161312862153
6.86681558708897
8.80560130269731
0.6949414017316023
0.8526760511233538
9.561161312862152
6.9283548430913395
8.896776518467139
0.6153925600236905
0.9117521576982907
9.671161312862152
6.984190624122
8.991551861023607
0.5583578103066078
0.9477534255646932
9.781161312862151
7.043933421546974
9.08391418102391
0.5974279742497427
0.9236232000030362
9.89116131286215
7.102289932762078
9.177158578168198
0.5835651121510352
0.932443971442869
10.001161312862152
7.1583757667046894
9.271786159934624
0.5608583394261151
0.9462758176642692
10.111161312862151
7.2168612748778305
9.364949700731062
0.5848550817314082
0.9316354079643753
10.22116131286215
7.2803964529748955
9.4547454753765
0.6353517809706478
0.8979577464543788
10.33116131286215
7.345467616242901
9.543434503508216
0.6507116326800633
0.8868902813171687
10.44116131286215
7.413673605952515
9.629735969125736
0.6820598970961401
0.8630146561752028
10.551161312862149
7.490020667395134
9.7089264117882
0.7634706144261938
0.7919044266246342
10.661161312862149
7.569922023868678
9.784529144765836
0.7990135647354399
0.7560273297763549
10.771161312862148
7.648865171889432
9.861131882188028
0.7894314802075447
0.7660273742219171
10.881161312862147
7.734485540970018
9.930190932272026
0.8562036908058609
0.6905905008399853
10.991161312862147
7.821202051681043
9.997868452691327
0.8671651071102475
0.6767752041929972
11.101161312862146
7.9073844775224265
10.066224794577757
0.8618242584138368
0.6835634188642925
11.211161312862146
7.991594381662139
10.13699690804613
0.8420990413971252
0.7077211346837419
11.321161312862145
8.066965143911284
10.217117118966865
0.7537076224914533
0.8012021092073343
11.431161312862146
8.132627964152524
10.305368997348952
0.6566282024123933
0.8825187838208712
11.541161312862146
8.189016049817354
10.399816780780093
0.5638808566482975
0.944477834311416
11.651161312862145
8.237003798483013
10.498797465653464
0.47987748665658075
0.9898068487337129
11.761161312862145
8.277697589886108
10.60099343103978
0.4069379140309542
1.0219596538631728
11.871161312862144
8.31129194513715
10.705737974073138
0.33594355251041597
1.0474454303335718
11.981161312862143
8.335526211420476
10.813035226310596
0.2423426628332654
1.0729725223745863
12.091161312862143
8.351374829752604
10.921887517498988
0.1584861833212818
1.0885229118839224
12.201161312862142
8.359682840221353
11.031573327711845
0.08308010468749667
1.096858102128582
12.311161312862142
8.365988369909694
11.141392453074186
0.06305529688340288
1.0981912536234053
12.421161312862143
8.368848717810229
11.251355257739618
0.0286034790053467
1.099628046654318
12.531161312862144
8.371312286611703
11.361327667137433
0.02463568801474299
1.0997240939781399
12.641161312862144
8.37408033155144
11.471292834018639
0.027680449397364842
1.0996516688120654
12.751161312862143
8.371792704296082
11.581269043998528
-0.022876272553584456
1.0997620997988857
12.861161312862144
8.361084042460236
11.690746551102432
-0.10708661835846378
1.0947750710390463
12.971161312862144
8.35491203947234
11.80057326178393
-0.06172002987895321
1.0982671068149774
13.081161312862143
8.35736745762953
11.910545853467827
0.02455418157189739
1.0997259168389797
13.191161312862143
8.365697501263757
12.020229992581246
0.08330043634225565
1.096841391134192
13.301161312862142
8.36173227197597
12.130158500970541
-0.0396522928778546
1.0992850838929495
13.411161312862141
8.356737116082233
12.240045026157196
-0.04995155893738842
1.0988652518665447
13.52116131286214
8.363725832214719
12.349822791878765
0.06988716132486175
1.0977776572156828
13.631161312862142
8.358592405326615
12.459702944446844
-0.05133426888105072
1.0988015256807975
13.741161312862141
8.365017475909259
12.569515140800474
0.0642507058264317
1.0981219635362938
13.851161312862143
8.37687953560704
12.678873686601552
0.11862059697782049
1.09358545801077
13.961161312862144
8.389375959386792
12.788161560552494
0.1249642377975091
1.092878739509415
14.071161312862145
8.402535038248589
12.897371627137534
0.13159078861796858
1.0921006658504067
14.181161312862145
8.411303162377703
13.007021615734235
0.08768124129114048
1.0964998859670003
14.291161312862146
8.42935078447831
13.115530985544007
0.18047622100606747
1.0850936980977122
14.401161312862147
8.434577226888592
13.225406753116898
0.05226442410283508
1.0987576757289113
14.511161312862146
8.427305645173554
13.33516614496726
-0.07271581715038047
1.0975939185036299
14.621161312862146
8.408796903873975
13.443597812368925
-0.18508741299578135
1.0843166740166497
14.731161312862145
8.38035412725338
13.549856969424262
-0.28442776620595284
1.0625915705533768
14.841161312862145
8.34368755847705
13.653565998607696
-0.3666656877633005
1.037090291834354
14.951161312862144
8.297856712151518
13.753563666205924
-0.4583084632553209
0.9999766759822684
15.061161312862145
8.2422004029304
13.848444513819567
-0.5565630922111635
0.9488084761364373
15.171161312862145
8.178948557005667
13.9384400914171
-0.6325184592473451
0.8999557759753336
15.281161312862144
8.115932393958941
14.028600854473257
-0.6301616304672554
0.9016076305615712
15.391161312862145
8.051893889718876
14.118038374422634
-0.6403850424006532
0.8943751994937661
15.501161312862145
7.982074215194407
14.203039627644555
-0.6981967452446944
0.8500125322192112
15.611161312862144
7.916422328688536
14.291299640097648
-0.6565188650587166
0.882600124530931
15.721161312862144
7.854606939107995
14.382287867968104
-0.618153895805404
0.9098822787045596
15.831161312862143
7.794662677672236
14.474519562742305
-0.5994426143575883
0.9223169477420112
15.941161312862143
7.737477765941567
14.568487035148216
-0.5718491173066944
0.9396747240591048
16.051161312862142
7.6840416448343785
14.664635779087062
-0.534361211071887
0.9614874393884645
16.16116131286214
7.633149534699465
14.762154972715885
-0.5089211013491396
0.975191936288226
16.27116131286214
7.586436226945786
14.861743460397495
-0.46713307753678623
0.995884876816096
16.38116131286214
7.542769051464555
14.962704729137004
-0.4366717548123047
1.0096126873950935
16.49116131286214
7.501945529349213
15.064848941122305
-0.4082352211534151
1.0214421198530157
16.60116131286214
7.469008486563052
15.16980203165566
-0.3293704278616213
1.049530905333546
16.71116131286214
7.437942838970012
15.275324188284612
-0.3106564759303914
1.0552215662895212
16.821161312862138
7.414840795423062
15.382870901781375
-0.23102043546949871
1.0754671349676304
16.931161312862137
7.3960485917513585
15.491253802098544
-0.18792203671703853
1.0838290031716813
17.041161312862137
7.384784416207528
15.600675547420568
-0.11264175543830843
1.0942174532202347
17.151161312862136
7.37141299600083
15.70985981882289
-0.1337142020669788
1.0918427140232203
17.261161312862136
7.361702420279836
15.819430365591476
-0.09710575720993729
1.095705467685858
17.371161312862135
7.357918207842873
15.929365254213023
-0.03784212436962362
1.09934888621547
17.481161312862135
7.3602599843772305
16.03934032449108
0.02341776534356949
1.09975070278055
17.591161312862134
7.367941415685952
16.1490717949681
0.0768143130872233
1.0973147047702123
17.701161312862137
7.3825994998718105
16.258090786744766
0.14658084185858072
1.0901899177666385
17.81116131286214
7.404075680361692
16.36597393497268
0.21476180489881921
1.0788314822791378
17.92116131286214
7.429107461299938
16.47308793939348
0.25031780938245596
1.0711400442080246
18.03116131286214
7.4449586015083415
16.581939863373233
0.15851140208403255
1.0885192397975125
18.141161312862142
7.460133216913195
16.690888158666528
0.1517461540485322
1.0894829529329402
18.251161312862145
7.484204968678469
16.7982219872899
0.24071751765274504
1.073338286233702
18.361161312862144
7.519372682285146
16.90244881646396
0.3516771360667739
1.0422682917406019
18.471161312862144
7.559105202206464
17.005022335759644
0.3973251992131774
1.0257351929568417
18.581161312862143
7.599051292739847
17.107512871181697
0.3994609053338338
1.0249053542205124
18.691161312862146
7.635269814482011
17.211379221280332
0.3621852174216358
1.03866350098636
18.801161312862146
7.679699070946842
17.312007453750063
0.4442925646483109
1.006282324697312
18.911161312862145
7.712752612656391
17.416923912804183
0.33053541709548856
1.0491645905412135
19.021161312862144
7.7382819960018665
17.523920410812295
0.25529383345476325
1.0699649800811109
19.131161312862144
7.756393716819168
17.63241910006261
0.1811172081730142
1.0849868925031367
19.241161312862143
7.7783757557891375
17.740200313466072
0.21982038969970222
1.0778121340346245
19.351161312862143
7.810506971238624
17.845402903708607
0.321312154494861
1.0520259024253495
19.461161312862142
7.842236378962202
17.950727377054125
0.31729407723578035
1.0532447334551904
19.57116131286214
7.872247484158138
18.056554280840064
0.3001110519593677
1.0582690378593915
19.68116131286214
7.893459331519106
18.16448971307404
0.21211847360968442
1.0793543223397486
19.79116131286214
7.925469622359933
18.269729160432366
0.3201029084082659
1.0523944735832518
19.90116131286214
7.968533636565318
18.37094917169752
0.4306401420538468
1.012200112651566
20.01116131286214
8.005864166735975
18.474421059266938
0.3733053017065689
1.034718875694151
20.12116131286214
8.038060806876343
18.57960364510543
0.3219664014036821
1.051825858384915
20.231161312862138
8.077307467422102
18.682364044267782
0.39246660545758383
1.027603991623525
20.341161312862138
8.11525659120256
18.78561066166659
0.3794912378045779
1.0324661739880632
20.451161312862137
8.142430780327457
18.892201296552606
0.27174189124897824
1.0659063488601748
20.561161312862136
8.16292817341367
19.00027468308541
0.20497393086213156
1.0807338653280587
20.671161312862136
8.185006452858758
19.10803622342678
0.22078279445088758
1.0776154034136936
20.781161312862135
8.217539885534041
19.213115125963697
0.3253343267528322
1.050789025369166
20.891161312862135
8.241426089027764
19.320490399107268
0.23886203493722719
1.0737527314357096
21.001161312862134
8.256333173536357
19.429475622103112
0.14907084508592477
1.0898522299584326
21.111161312862137
8.264610350753502
19.53916376338245
0.08277177217145515
1.096881412793378
21.221161312862137
8.271437249724114
19.648951711038126
0.0682689897061107
1.0978794765567426
21.33116131286214
8.279980251382574
19.758619468937447
0.08543001658460322
1.0966775789931853
21.441161312862143
8.295263687880562
19.867552551923342
0.15283436497987385
1.0893308298589546
21.551161312862142
8.302357475197912
19.977323578070937
0.0709378731735061
1.0977102614759597
21.66116131286214
8.30940651334313
20.08709748690736
0.07049038145218095
1.097739088364228
21.77116131286214
8.317735939418048
20.196781672920032
0.08329426074917981
1.096841860126722
21.88116131286214
8.334613950151999
20.305479109659196
0.16878010733950355
1.0869743673916445
21.99116131286214
8.362916589862564
20.41177567867915
0.2830263971056593
1.0629656901995426
22.10116131286214
8.396199762894186
20.51661951680494
0.33283173031622043
1.048438381257912
22.21116131286214
8.417154532054555
20.62460515311568
0.20954769160369738
1.0798563631074098
22.321161312862138
8.42638711854675
20.73421701080756
0.092325864921939
1.0961185769187638
22.43116131286214
8.424353851501461
20.844198217498167
-0.020332670452886205
1.099812066906094
22.54116131286214
8.413411775088717
20.95365264163798
-0.10942076412744212
1.0945442413981112
22.651161312862143
8.394097573919558
21.06194373837819
-0.19314201169159284
1.0829109674020874
22.761161312862143
8.367515997422501
21.168683701798322
-0.2658157649705579
1.0673996342013228
22.871161312862142
8.33383826875377
21.273401468159697
-0.33677728668731877
1.0471776636137384
22.98116131286214
8.299812634146
21.37800670794021
-0.340256346077692
1.0460523978051282
23.09116131286214
8.266940767372146
21.48298023019607
-0.3287186677385452
1.0497352225586203
23.20116131286214
8.23225791983917
21.587369406296872
-0.3468284753297473
1.0438917610080287
23.31116131286214
8.192755725831251
21.6900318466953
-0.39502194007918845
1.026624403984278
23.421161312862143
8.159739573710105
21.79496007787792
-0.33016152121145087
1.049282311826203
23.531161312862142
8.131019880141476
21.901144724608624
-0.2871969356862808
1.0618464673070258
23.641161312862142
8.108019137782055
22.00871314865079
-0.23000742359421858
1.0756842404216724
23.75116131286214
8.09251397633376
22.117614893211943
-0.15505161448293897
1.0890174456115174
23.86116131286214
8.076548851134973
22.226450157613638
-0.1596512519878733
1.0883526440169586
23.97116131286214
8.064184652536285
22.33575306971122
-0.12364198598687892
1.0930291209758414
24.08116131286214
8.050742878853647
22.444928702158506
-0.13441773682638974
1.091756324472852
24.19116131286214
8.033410435773462
22.55355460338318
-0.17332443080185053
1.0862590122467177
24.301161312862142
8.013031146020454
22.661650322767265
-0.20379289753007773
1.0809571938408549
24.41116131286214
8.002147720215687
22.771110594294207
-0.10883425804767718
1.0946027152694313
24.52116131286214
7.996677061380004
22.88097447321673
-0.05470658835682757
1.0986387892252651
24.63116131286214
7.980849401104379
22.989829813784844
-0.15827660275624822
1.088553405681109
24.741161312862143
7.95238777528187
23.09608392361378
-0.284616258225091
1.0625410982893548
24.851161312862143
7.913345126896979
23.198922008033385
-0.3904264838489091
1.0283808441960487
24.961161312862142
7.872370366667997
23.301005645430266
-0.40974760228981244
1.0208363739687913
25.071161312862145
7.834868099779202
23.40441541275522
-0.3750226688879527
1.0340976732495617
25.181161312862145
7.800427439597873
23.508884742830006
-0.3444066018132957
1.0446933007478405
25.291161312862144
7.77056618542445
23.614754027795904
-0.2986125417342311
1.058692849658966
25.401161312862147
7.744848297737476
23.721705373055887
-0.2571788768697348
1.069513452599836
25.511161312862146
7.729638625224094
23.830648779749616
-0.1520967251338164
1.0894340669373106
25.621161312862146
7.714187475268826
23.939558200669296
-0.1545114995526841
1.0890942091967897
25.731161312862145
7.698120275276034
24.048378442740297
-0.1606719999279199
1.0882024207100272
25.841161312862145
7.671091754946811
24.155006108422395
-0.2702852032922268
1.0662766568209583
25.951161312862148
7.641852337275756
24.26104881894159
-0.29239417671055606
1.0604271051919394
26.061161312862147
7.612107865944324
24.366950973901787
-0.2974447133143171
1.0590215496019728
26.171161312862147
7.5920150516169675
24.47510030960204
-0.20092814327356726
1.0814933570025462
26.281161312862146
7.578521454066911
24.584269548974483
-0.13493597550057007
1.0916923937243996
26.39116131286215
7.577719348908338
24.69426662451431
-0.0080210515857258
1.0999707553982785
26.50116131286215
7.5769380738030865
24.804263849975726
-0.007812751052514189
1.0999722546141752
26.611161312862148
7.574757972644262
24.91424224403082
-0.021801011588248407
1.0997839405509289
26.72116131286215
7.580148917466829
25.024110063313447
0.053909448225672646
1.0986781928262723
26.83116131286215
7.590241580478198
25.133646076356367
0.10092663011368651
1.0953601304292098
26.94116131286215
7.611621316465618
25.241548378876324
0.2137973598742024
1.079023025199565
27.05116131286215
7.638184771983923
25.348292853351246
0.2656345551830546
1.0674447447492075
27.161161312862152
7.658232785200042
25.45645050294704
0.2004801321611914
1.0815764959579286
27.27116131286215
7.674643071837022
25.565219535729774
0.16410286636980848
1.0876903278273706
27.38116131286215
7.6814462137814585
25.67500895807858
0.06803141944436186
1.0978942234880305
27.49116131286215
7.694910785956007
25.784181781144376
0.1346457217454841
1.0917282306579956
27.60116131286215
7.719412330698325
25.891418315521612
0.24501544742317963
1.0723653437723635
27.71116131286215
7.751817774984686
25.99653675910124
0.32405444286361035
1.0511844357962856
27.82116131286215
7.774549723574909
26.104162306780644
0.22731948590222373
1.0762554767940318
27.93116131286215
7.8010548936546416
26.2109212687419
0.2650517007973291
1.0675896196125378
28.04116131286215
7.836633600713682
26.3150085187008
0.355787070590404
1.0408724995890222
28.15116131286215
7.866842179787721
26.420779222349434
0.30208579074038777
1.0577070364863583
28.26116131286215
7.901116692513688
26.525303180260515
0.34274512725967404
1.045239579110813
28.37116131286215
7.94563737913164
26.625890994945326
0.44520686617952093
1.005878146848121
28.48116131286215
7.9895999834136475
26.726723972808443
0.439626042820069
1.0083297786311616
28.59116131286215
8.042496889032353
26.82317042103732
0.5289690561870593
0.9644644822887839
28.701161312862148
8.092736240076793
26.921027498485167
0.5023935104443918
0.9785707744784539
28.811161312862147
8.13366725288782
27.023128684522664
0.4093101281102688
1.0210118603749694
28.921161312862147
8.175497708537385
27.12486468100449
0.4183045564956505
1.0173599648182434
29.031161312862146
8.214970052165928
27.227538602174718
0.3947234362854239
1.0267392117022838
29.141161312862145
8.258338819621903
27.328628413774847
0.4336876745597549
1.0108981160012873
29.251161312862145
8.301441926672796
27.429831784087103
0.43103107050893663
1.0120337031225393
29.361161312862144
8.341526201548378
27.53226835425469
0.40084274875581577
1.0243657016758625
29.471161312862144
8.377808815929999
27.63611233286508
0.36282614381621464
1.038439786103872
29.581161312862143
8.410171710212436
27.741243884140914
0.3236289428243789
1.0513155127583607
29.691161312862143
8.43374801003309
27.848687627964214
0.23576299820653948
1.0744374382329869
29.801161312862142
8.45837151090964
27.955896224655817
0.24623500876548848
1.0720859669160212
29.91116131286214
8.488769517010025
28.0616126435562
0.303980061003863
1.0571641890038121
30.02116131286214
8.51232040975015
28.169061959287585
0.23550892740123056
1.074493157313867
30.13116131286214
8.52321196855888
28.27852142186034
0.10891558808730384
1.0945946257275325
30.241161312862143
8.546837128147068
28.38595443277613
0.23625159588188438
1.0743301091579174
30.351161312862143
8.579606269764582
28.490960067661366
0.3276914161751484
1.0500563488523489
30.461161312862142
8.599849637749923
28.5990813239092
0.20243367985340632
1.081212562478354
30.57116131286214
8.607293502926224
28.70882916612597
0.07443865176300232
1.097478422167701
30.68116131286214
8.60320930946962
28.818753318903276
-0.04084193456604046
1.0992415277730838
30.79116131286214
8.589397280990571
28.92788272772278
-0.1381202847904881
1.0912940881950175
30.90116131286214
8.566676118990976
29.0355105531091
-0.22721161999595232
1.0762782538631983
31.01116131286214
8.534782375168387
29.140785379658368
-0.31893743822589826
1.0527482654927063
31.12116131286214
8.495829995473061
29.243657689421838
-0.3895237969532649
1.02872309763469
31.231161312862138
8.459338872328635
29.34742858096498
-0.3649112314442626
1.0377089154314094
31.34116131286214
8.419305374687985
29.449885006174217
-0.4003349764064941
1.0245642520923772
31.45116131286214
8.37301732064977
29.54967185928301
-0.46288054038213866
0.9978685310879083
31.561161312862144
8.334498012351363
29.652707109989805
-0.3851930829840795
1.0303525070679551
31.671161312862143
8.301604369867569
29.757673810824635
-0.32893642483793084
1.049667008348286
31.781161312862142
8.278194681410884
29.865153978699276
-0.23409688456685238
1.0748016787464068
31.891161312862142
8.260758818207648
29.973763327626326
-0.1743586320323621
1.0860934892705156
32.00116131286214
8.237100273103046
30.08118899142941
-0.23658545104602105
1.074256638030853
32.11116131286214
8.204601072343895
30.18627848638498
-0.3249920075915121
1.0508949495556816
32.22116131286214
8.182477916022304
30.29403082257483
-0.2212315632159006
1.0775233618985014
32.331161312862136
8.147985635720273
30.398483120776287
-0.3449228030202992
1.044522982014575
32.441161312862135
8.105672156474679
30.500019170897083
-0.42313479245594127
1.015360501207954
32.551161312862135
8.054287840225427
30.597279913458493
-0.5138431624925217
0.9726074256140985
32.661161312862134
8.012047313803164
30.698846334718525
-0.42240526422264413
1.0156642126003055
32.771161312862134
7.979257290011019
30.803845450618187
-0.3279002379214475
1.0499911589966167
32.88116131286213
7.952701903467115
30.91059193274057
-0.26555386543904624
1.0674648212238103
32.99116131286213
7.936852002868429
31.01944403722648
-0.1584990059868574
1.0885210448591145
33.10116131286213
7.931336750555016
31.12930568654925
-0.05515252313413042
1.0986164932277045
33.21116131286213
7.9320560280281365
31.23930333488737
0.007192774731202394
1.0999764833811978
33.32116131286213
7.940037559475552
31.349013385273622
0.07981531447416199
1.097100503862518
33.43116131286213
7.940352095015124
31.45901293557904
0.003145355395713624
1.0999955030541873
33.54116131286213
7.948133916400236
31.568737332391827
0.07781821385112779
1.0972439681278818
33.65116131286213
7.942974224662984
31.678616254761753
-0.05159691737252574
1.098789223699274
33.76116131286213
7.94729506809173
31.78853135978406
0.04320843428746375
1.0991510502230464
33.87116131286213
7.955091849183711
31.89825469460671
0.07796781091981167
1.0972333482265169
33.98116131286213
7.9515283014350056
32.00819695730601
-0.03563547748705871
1.0994226269930363
34.09116131286213
7.94991305853419
32.118185097532
-0.01615242900815118
1.0998814022598693
34.201161312862126
7.959100341913032
32.22780076166864
0.09187283378842036
1.0961566413664088
34.311161312862126
7.9667092922351355
32.33753728191143
0.07608950322103264
1.0973652024278775
34.42116131286213
7.973417799315422
32.44733252740391
0.06708507080287038
1.0979524549247905
34.53116131286213
7.9795225241812
32.5571629982866
0.061047248657774875
1.0983047088268882
34.64116131286213
7.973910512041349
32.66701974737259
-0.0561201213985123
1.0985674908599001
34.75116131286213
7.974937070270761
32.77701495716921
0.010265582294123292
1.0999520979661628
34.86116131286213
7.973308247317902
32.88700289712531
-0.016288229528592407
1.0998793995610718
34.97116131286213
7.969173817500812
32.99692517189293
-0.041344298170904445
1.099222747676173
35.08116131286213
7.974681773749747
33.10678718724838
0.05507956248935003
1.0986201535544402
35.19116131286213
7.968618411359983
33.21661994937576
-0.06063362389764601
1.0983276212738342
35.30116131286213
7.964065502481753
33.326525686354074
-0.0455290887822959
1.0990573697831492
35.41116131286213
7.962001093639215
33.43650631290317
-0.020644088425378702
1.0998062654909206
35.521161312862134
7.966082211191401
33.546430579921534
0.04081117552186178
1.0992426701836697
35.63116131286213
7.978677160238576
33.655707143092684
0.12594949047175003
1.0927656317115335
35.74116131286213
7.99516222123074
33.76446486817042
0.1648506099216324
1.0875772507773718
35.85116131286213
8.014771310487484
33.872702955822234
0.19609089256745038
1.0823808765181047
35.96116131286213
8.041225460693731
33.97947457160501
0.26454150206246974
1.0677161578277874
36.07116131286213
8.070595045666247
34.085481304780515
0.29369584972514945
1.060067331755027
36.18116131286213
8.093593465332024
34.193050225444786
0.2299841966577648
1.075689206642738
36.29116131286213
8.122039889295802
34.299308406135374
0.28446423963777645
1.0625818069058504
36.401161312862136
8.152096222878003
34.40512247330792
0.3005633358220014
1.0581406717254331
36.511161312862136
8.191162795195575
34.507951471782846
0.3906657231757256
1.0282899847492375
36.621161312862135
8.232495089990943
34.60989087244299
0.4133229479536691
1.0193940066014164
36.731161312862135
8.281960029168987
34.708141672908496
0.49464939178044876
0.9825080046550421
36.841161312862134
8.323017497465118
34.81019207367749
0.41057468296131455
1.0205040076899337
36.95116131286213
8.372532695545067
34.908417554888345
0.4951519807994874
0.9822548121085202
37.06116131286213
8.428366110234787
35.00319429150702
0.558334146897207
0.9477673661867495
37.17116131286213
8.489498175649631
35.094643023472614
0.6113206541484376
0.9144873196559515
37.28116131286213
8.554830220677974
35.183140051063454
0.6533204502834322
0.8849702759084361
37.39116131286213
8.609948674621256
35.27833435779922
0.5511845394328118
0.9519430673576226
37.50116131286213
8.671060745745574
35.36979645247727
0.611120711243183
0.9146209467804826
37.61116131286213
8.731179381841693
35.46191458095338
0.6011863609611934
0.921181284761169
37.72116131286213
8.796081474484902
35.55072740868977
0.6490209264320932
0.8881282773638206
37.83116131286213
8.869911786174438
35.63226933088826
0.7383031168953581
0.8154192219849857
37.94116131286213
8.951221134166985
35.706355698926025
0.8130934799254815
0.7408636803776187
38.05116131286213
9.039751428207444
35.77164265809177
0.8853029404045798
0.6528695916574805
38.16116131286213
9.130676675642128
35.833550649328295
0.9092524743468381
0.6190799123652397
38.27116131286213
9.219101490999108
35.89898039813634
0.8842481535698018
0.6542974880804575
38.381161312862126
9.313406003392709
35.95560776733362
0.9430451239360089
0.5662736919728107
38.491161312862125
9.403831268102095
36.018243791331294
0.904252647093858
0.626360239976765
38.601161312862125
9.48647855361207
36.09083460478474
0.82647285509974
0.7259081345344494
38.711161312862124
9.575042140372926
36.156076394306886
0.8856358676085476
0.6524178952215024
38.821161312862124
9.659608415618974
36.2264222903564
0.845662752460495
0.7034589604951662
38.93116131286212
9.742507535777913
36.29872537380984
0.8289912015893763
0.7230308345343248
39.04116131286212
9.832142607691516
36.36248706985882
0.8963507191360284
0.6376169604898576
39.15116131286212
9.92610373283757
36.41968241023973
0.9396112514605367
0.5719534038090551
39.26116131286212
10.025003789868636
36.4678361091553
0.9890005703106713
0.4815369891557313
39.37116131286212
10.123264143720712
36.51728206814959
0.9826035385207588
0.49445958994288314
39.48116131286212
10.224997648605965
36.559118583106766
1.0173350488525352
0.4183651495717706
39.59116131286212
10.323594805747932
36.6078894822529
0.9859715714196606
0.487708991461348
39.70116131286212
10.424669834297985
36.651292691853186
1.010750285500521
0.4340320960028365
39.81116131286212
10.525965684678487
36.6941780121352
1.0129585038050324
0.4288532028201145
39.92116131286212
10.62574680505801
36.74047842267125
0.997811203795225
0.46300410536055064
40.03116131286212
10.728520979759848
36.77968899540816
1.0277417470183725
0.39210572736906535
40.14116131286212
10.834406194690002
36.809493714148566
1.0588521493015441
0.2980471874041093
40.251161312862116
10.94187857034786
36.83293915017472
1.074723756578576
0.23445436026150837
40.361161312862116
11.05067314605888
36.84917923317509
1.087945757110202
0.16240083000375685
40.471161312862115
11.157620847013254
36.87491227148334
1.0694770095437443
0.2573303830824691
40.581161312862115
11.262791427808057
36.907148104577644
1.0517058079480277
0.32235833094304545
40.691161312862114
11.365200100749236
36.94730359867779
1.0240867294117797
0.40155494100145844
40.801161312862114
11.471397421545632
36.97597639162978
1.0619732079639483
0.286727929519886
40.91116131286211
11.57888364922989
36.9993582405346
1.0748622768425826
0.23381848904819147
41.02116131286211
11.68707882037725
37.01920275968708
1.081951711473603
0.19844519152486806
41.13116131286211
11.789673769092
37.05077918016482
1.0259494871474857
0.3157642047773125
41.238505589989344
11.896709305119256
37.07614439310218
1.0703553602725635
0.25365212937365794
41.348505589989344
12.002432321839668
37.10651944430437
1.0572301672041344
0.30375051202182035
41.45850558998934
12.109870418256277
37.13012146621724
1.0743809641660804
0.2360202191287092
41.56850558998934
12.214098518277234
37.16528541318031
1.0422810002095761
0.35163946963065146
41.67850558998934
12.32085825012202
37.19178748208878
1.0675973184478582
0.26502068908472637
41.78850558998934
12.425568287666835
37.22548923333947
1.047100375448147
0.337017512506917
41.89850558998934
12.532828785252073
37.249885660491145
1.0726049758523861
0.24396427151675718
42.00850558998934
12.641680525915186
37.265738059508664
1.0885174066311196
0.15852399017518465
42.11850558998934
12.751603437226729
37.26985553067369
1.099229113115423
0.04117471165024709
42.22850558998934
12.861596709673153
37.268638971375154
1.0999327244642352
-0.012165592985349565
42.33850558998934
12.971235767915203
37.25973521330362
1.0963905824205007
-0.0890375807153123
42.44850558998934
13.080417399704473
37.24634225695215
1.0918163178926865
-0.13392956351476626
42.55850558998934
13.190388974537491
37.24384171126255
1.0997157483301876
-0.025005456895964843
42.66850558998934
13.30035452511377
37.24659447105153
1.0996555057627893
0.027527597889840726
42.77850558998934
13.410041244018911
37.2382984662405
1.0968671890514088
-0.08296004811028726
42.888505589989336
13.520032038227018
37.239721557758905
1.0999079420810751
0.01423091518401473
42.998505589989335
13.629941822104747
37.23526741272862
1.099097838777293
-0.04454145030287854
43.108505589989335
13.739746547506574
37.22871590302248
1.0980472540182618
-0.0655150970613256
43.218505589989334
13.849393436157854
37.21990909831851
1.096468886512794
-0.08806804703973732
43.328505589989334
13.959319883933173
37.22393104803227
1.0992644777531937
0.04021949713756898
43.43850558998933
14.069285107489796
37.22116525553426
1.0996522355662237
-0.027657924980131417
43.54850558998933
14.17892653948615
37.2122907758431
1.0964143199635472
-0.08874479691155299
43.65850558998933
14.28874119495662
37.20590787337618
1.098146554704688
-0.06382902466921994
43.76850558998933
14.398572986174731
37.21198879746888
1.0983179121811153
0.0608092409269856
43.87850558998933
14.50849366117588
37.20781205145175
1.0992067500114981
-0.0417674601712887
43.98850558998933
14.618459064802432
37.205053427655436
1.0996540362655167
-0.027586237963111784
44.09850558998933
14.727598154320845
37.19131810315647
1.0913908951841225
-0.13735324498969642
44.20850558998933
14.835998861248
37.17262888868146
1.084007069271553
-0.18689214475011645
44.31850558998933
14.942291492491174
37.144311463950345
1.0629263124317558
-0.28317424731113783
44.42850558998933
15.048018844297506
37.113951505452015
1.0572735180633102
-0.30359958498329914
44.53850558998933
15.152221095124046
37.078711032658894
1.0420225082654064
-0.3524047279312113
44.64850558998933
15.259730875536132
37.05543771927757
1.075097804120848
-0.2327331338132386
44.758505589989326
15.365338807365834
37.02466492716095
1.056079318297028
-0.30772792116622255
44.868505589989326
15.467911335585946
36.98492984877252
1.0257252822011196
-0.39735078388425715
44.978505589989325
15.570046649615367
36.94408407018879
1.0213531402942089
-0.4084577858373599
45.088505589989325
15.667072738854811
36.89225803419432
0.9702608923944437
-0.5182603599446303
45.198505589989324
15.760443620052651
36.83410411305104
0.9337088119783985
-0.5815392114328046
45.30850558998932
15.848241437645049
36.76783539323534
0.8779781759239792
-0.6626871981570208
45.41850558998932
15.937497224969036
36.70354383524227
0.8925578732398625
-0.6429155799306263
45.52850558998932
16.028377578339338
36.641569958719266
0.9088035337030286
-0.6197387652300671
45.63850558998932
16.12026996433505
36.58110683445319
0.918923859957115
-0.604631242660778
45.74850558998932
16.21532055310217
36.525740910140264
0.9505058876711769
-0.5536592431292267
45.85850558998932
16.308824422760637
36.46780105892461
0.9350386965846657
-0.5793985121565726
45.96850558998932
16.39571982694044
36.40035338489185
0.8689540417980226
-0.6744767403275523
46.07850558998932
16.482001409523953
36.332122244590046
0.8628158258351176
-0.682311403018053
46.18850558998932
16.568272910549098
36.2638783576047
0.8627150102514467
-0.6824388698534444
46.29850558998932
16.649445501983003
36.18964217774674
0.811725914339056
-0.7423617985796573
46.40850558998932
16.732965334263906
36.11805700039996
0.8351983228090227
-0.7158517734678009
46.51850558998932
16.817331275675024
36.047470968284415
0.8436594141111645
-0.7058603211554016
46.62850558998932
16.90056519928354
35.97555355759179
0.8323392360851637
-0.719174106926248
46.738505589989316
16.98199917628659
35.901604200667826
0.814339770030464
-0.7394935692396056
46.848505589989315
17.06631128650652
35.830953878161395
0.8431211021992941
-0.7065032250642933
46.958505589989315
17.15109726894237
35.76087294507409
0.8478598243585089
-0.700809330873069
47.068505589989314
17.23699375006212
35.69215762995989
0.85896481119751
-0.6871531511420336
47.178505589989314
17.31640876225412
35.61604418936925
0.7941501219200031
-0.761134405906371
47.28850558998931
17.394285672535958
35.53835772436437
0.7787691028183715
-0.7768646500488159
47.39850558998931
17.47608244413596
35.464809861337514
0.8179677160000464
-0.7354786302685264
47.50850558998931
17.564569687860747
35.39946456542426
0.8848724372478588
-0.6534529591325107
47.61850558998931
17.649898095666465
35.33004509537917
0.8532840780571828
-0.694194700450892
47.72850558998931
17.73613407819099
35.2735939061812
0.8623598252452446
-0.5645118919796903
47.83157537918011
17.83149611650761
35.21876616094122
0.9536203831662042
-0.5482774523997335
47.94157537918011
17.925504534832044
35.16164858672681
0.9400841832443391
-0.5711757421440657
48.05157537918011
18.018574221184497
35.10301384035356
0.9306968635245554
-0.5863474637325168
48.16157537918011
18.109380078189904
35.04093086093477
0.9080585700540557
-0.6208297941878947
48.271575379180106
18.19887851505724
34.976977520143976
0.8949843686733391
-0.639533407907972
48.381575379180106
18.286190268704733
34.91006969044521
0.8731175364749504
-0.6690782969876649
48.491575379180105
18.373337618333636
34.84294786498838
0.8714734962890386
-0.6712182545683331
48.601575379180105
18.454617214685047
34.76882885786503
0.8127959635141095
-0.7411900712335335
48.711575379180104
18.53355500058728
34.692220594884766
0.7893778590223213
-0.7660826298026453
48.8215753791801
18.61020145341174
34.613319889758465
0.7664645282445852
-0.7890070512630449
48.9315753791801
18.68775905178521
34.53531464035473
0.7755759837346892
-0.780052494037401
49.0415753791801
18.76562844945181
34.45762064504594
0.7786939766659989
-0.776939953087813
49.1515753791801
18.842149343766113
34.37859816259101
0.7652089431430149
-0.7902248245492864
49.2615753791801
18.924924141066953
34.3061527836369
0.8277479730083804
-0.7244537895411397
49.3715753791801
19.00425111205944
34.22994758910819
0.7932697099248653
-0.7620519452870128
49.4815753791801
19.083071748161647
34.15321879839412
0.7882063610220731
-0.767287907140691
49.5915753791801
19.159099459556703
34.073721709767995
0.7602771139505654
-0.7949708862612513
49.7015753791801
19.229117150854186
33.98888349370135
0.7001769129748276
-0.8483821606664302
49.8115753791801
19.301086073250936
33.90569410610263
0.7196892239674854
-0.8318938759872431
49.9215753791801
19.36222747007024
33.81530995027485
0.6114139681930467
-0.903841558277779
50.03069717365634
19.413089903130786
33.71777527488624
0.5086243306054511
-0.9753467538861024
50.14069717365634
19.45362840431362
33.61551761051897
0.405385011828323
-1.022576643672713
50.25069717365634
19.48258140953951
33.509396342676986
0.2895300522588924
-1.0612126784198177
50.36069717365635
19.499214961792724
33.40066122903176
0.16633552253212688
-1.087351136452234
50.47069717365635
19.51210054279388
33.29141855512517
0.1288558100115885
-1.0924267390659466
50.58069717365635
19.520463026240503
33.181736884502385
0.08362483446620171
-1.0968167062278458
50.690697173656346
19.52298450337513
33.07176578760389
0.025214771346274888
-1.0997109689850126
50.800697173656346
19.51262242862099
32.962254932403184
-0.10362074754139845
-1.095108552007043
50.910697173656345
19.493917819130036
32.85385688083494
-0.1870460949095303
-1.083980515682406
51.02069717365635
19.484838121962742
32.74423225267434
-0.09079697167293528
-1.0962462816060197
51.13069717365635
19.48361167839912
32.634239089995084
-0.012264435636189317
-1.0999316267925594
51.24069717365635
19.491697631935022
32.524536686396004
0.08085953535899863
-1.0970240359907923
51.35069717365635
19.50952801017274
32.41599140730981
0.1783037823771736
-1.085452790861949
51.46069717365635
19.5398463266422
32.31105880018773
0.30318316469456286
-1.0493260712208392
51.56992195267183
19.55771591871195
32.20251996990446
0.17869592069751683
-1.0853883028327083
51.679921952671826
19.56280890437154
32.09263793544444
0.05092985659589694
-1.0988203446001177
51.789921952671826
19.555998791804363
31.98284894525498
-0.06810112567176471
-1.0978899018946475
51.899921952671825
19.538958046459484
31.874176901940743
-0.17040745344879646
-1.0867204331423501
52.009921952671824
19.512089603263508
31.76750878692869
-0.26868443195976105
-1.066681150120532
52.119921952671824
19.47644853734307
31.663442873104543
-0.35641065920437837
-1.0406591382414803
52.22992195267182
19.43071435122499
31.56340096078717
-0.45734186118080994
-1.0004191231737192
52.33992195267182
19.378305807696584
31.46668826996931
-0.5240854352840599
-0.9671269081786101
52.44992195267182
19.325973592632046
31.369934255755744
-0.5233221506453737
-0.9675401421356641
52.55992195267182
19.269058242391363
31.275803267728524
-0.5691535024068176
-0.9413098802721943
52.66992195267182
19.214520447654174
31.180275109862876
-0.5453779473718928
-0.9552815786564823
52.77992195267182
19.163289160745013
31.08293367345663
-0.5123128690916088
-0.9734143640624604
52.88992195267182
19.116062034505024
30.983587820261278
-0.4722712623998765
-0.9934585319535119
52.99992195267182
19.060563757468426
30.88861444901455
-0.5549827703659873
-0.9497337124672863
53.10992195267182
18.995904671763583
30.799624547139036
-0.6465908570484292
-0.8898990187551494
53.21992195267182
18.935522502037063
30.707678945943993
-0.6038216972651992
-0.9194560119504219
53.32992195267182
18.881291699747727
30.611976176480123
-0.5423080228933737
-0.9570276946387082
53.43992195267182
18.836654933136295
30.511439819541568
-0.44636766611432305
-1.0053635693855492
53.549921952671816
18.78832267452682
30.412626901470563
-0.4833225860947438
-0.988129180710037
53.659921952671816
18.749915995962585
30.309549614730646
-0.3840667856423632
-1.0307728673991878
53.769921952671815
18.721352877995038
30.203322742932723
-0.2856311796754577
-1.0622687179792158
53.879921952671815
18.701923101736913
30.09505232317479
-0.19429776258124523
-1.0827041975793399
53.989921952671814
18.691637072327993
29.985534299092
-0.10286029408920795
-1.0951802408279114
54.099921952671814
18.688032858538854
29.875593362025946
-0.0360421378913852
-1.0994093706605463
54.20992195267181
18.69136591260963
29.765643870210106
0.03333054070775845
-1.0994949181583917
54.31992195267181
18.704379104329004
29.656416324044887
0.13013191719374673
-1.0922754616521788
54.42992195267181
18.7231944822746
29.548037444401462
0.18815377945598374
-1.0837887964342634
54.53992195267181
18.74692472025093
29.440627594734
0.23730237976329424
-1.0740984966746194
54.64992195267181
18.774213787342322
29.334066312753716
0.27289067091393165
-1.0656128198028327
54.75992195267181
18.80450948716944
29.228320529991542
0.30295699827118966
-1.0574578276217501
54.86992195267181
18.828733687564565
29.12102100475859
0.2422420039512436
-1.0729952523295179
54.97992195267181
18.86031467121812
29.015651932106916
0.31580983653556277
-1.0536907265167428
55.08992195267181
18.89484749512036
28.91121303095731
0.3453282390223943
-1.0443890114960481
55.19992195267181
18.92445757159057
28.805273220822365
0.29610076470211344
-1.059398101349452
55.30992195267181
18.96337034655184
28.702385923526666
0.3891277496127057
-1.0288729729569883
55.41992195267181
18.990160986210253
28.59569824088854
0.26790639658410875
-1.0668768263812456
55.529921952671806
19.020542145070745
28.48997697913721
0.3038115886049191
-1.0572126175133152
55.639921952671806
19.05667250617524
28.386079929099882
0.3613036110449259
-1.0389705003732765
55.749921952671805
19.094376378352145
28.282743497852874
0.37703872176904385
-1.0333643124700822
55.859921952671804
19.133914277045903
28.180094802942115
0.3953789869375727
-1.0264869491075952
55.969921952671804
19.175690180663516
28.07833639357497
0.41775903617611077
-1.01758409367148
56.0799219526718
19.20908688486715
27.97352866414467
0.3339670420363607
-1.0480772943029935
56.1899219526718
19.23119057656446
27.86577233341023
0.2210369169731173
-1.0775633073444082
56.2999219526718
19.243924739626795
27.756511905573333
0.12734163062334639
-1.0926042783689744
56.4099219526718
19.26271213465038
27.648128171608185
0.18787395023585002
-1.0838373396514707
56.5199219526718
19.287282050474857
27.540907281682863
0.2456991582447982
-1.0722088992532184
56.6299219526718
19.31436293371922
27.43429290290258
0.2708088324436172
-1.0661437878028108
56.7399219526718
19.348851337339084
27.32983932462135
0.3448840361986575
-1.0445357828123092
56.8499219526718
19.3918706594381
27.2286003107673
0.4301932209901784
-1.0123901385405212
56.9599219526718
19.422775950195668
27.12303107754478
0.3090529075756592
-1.055692332225176
57.0699219526718
19.441599066803
27.014653541675088
0.1882311660733168
-1.0837753586969394
57.1799219526718
19.447699757155064
26.9048228466157
0.06100690352064815
-1.0983069505938778
57.2899219526718
19.44328057716901
26.794911651334008
-0.04419179986055638
-1.099111952816948
57.3999219526718
19.428902325057653
26.68585540040715
-0.1437825211135777
-1.0905625092685993
57.509921952671796
19.40413595705115
26.5786797174573
-0.2476636800650288
-1.071756829498486
57.619921952671795
19.369535063634252
26.474263348171867
-0.3460089341689547
-1.0441636928543647
57.729921952671795
19.32982424835743
26.371681424081654
-0.3971081527682435
-1.025819240902116
57.839921952671794
19.28102381622376
26.27309888088273
-0.4880043213366619
-0.9858254319892261
57.949921952671794
19.23232429373069
26.17446644955841
-0.48699522493068875
-0.9863243132432192
58.05992195267179
19.18787757855071
26.07384592724954
-0.4444671517997899
-1.0062052230887009
58.16992195267179
19.14511356733892
25.972498804226348
-0.4276401121179239
-1.0134712302319042
58.27992195267179
19.10570766707604
25.869799363991884
-0.3940590026288077
-1.0269944023446231
58.38992195267179
19.059165591084664
25.770130737220903
-0.4654207599137392
-0.9966862677098135
58.49992195267179
19.011468232080116
25.671009791180264
-0.4769735900454665
-0.9912094604063965
58.60992195267179
18.968793966360764
25.56962484631509
-0.4267426571935273
-1.0138494486517255
58.71992195267179
18.934779849031987
25.465015860934557
-0.3401411732877565
-1.0460898538053165
58.82992195267179
18.908479069091495
25.358206362412552
-0.2630077994049266
-1.0680949852200308
58.93992195267179
18.871847268448455
25.254485047430297
-0.36631800643039625
-1.0372131498225716
59.04992195267179
18.831219504172147
25.152262815162025
-0.40627764276308637
-1.0222223226827276
59.15992195267179
18.79972360222949
25.046868279436406
-0.31495901942656873
-1.053945357256179
59.26992195267179
18.775939774131444
24.939470283547273
-0.23783828098048093
-1.0739799588913426
59.379921952671786
18.750539401699022
24.832443085694138
-0.2540037243242157
-1.0702719785313581
59.489921952671786
18.734011694066762
24.723691833377565
-0.1652770763225858
-1.0875125231657143
59.599921952671785
18.711003151066784
24.61612507759764
-0.2300854299997946
-1.0756675577992532
59.709921952671785
18.686952701687687
24.50878647370946
-0.24050449379097924
-1.0733860388817924
59.819921952671784
18.67145542682908
24.3998836065665
-0.15497274858606833
-1.0890286714295816
59.92992195267178
18.665999909286672
24.290018974731026
-0.0545551754240998
-1.0986463183547497
60.03992195267178
18.66927756071605
24.180067817387833
0.032776514293777495
-1.0995115734319263
60.14992195267178
18.67854565595674
24.070458956383764
0.09268095240687585
-1.0960886100407004
60.25992195267178
18.69699228502579
23.962016705042377
0.1844662906904989
-1.0844225134138856
60.36992195267178
18.72034305426908
23.854523721198095
0.23350769243289887
-1.0749298384427994
60.47992195267178
18.75258906183871
23.749356259519974
0.32246007569629587
-1.051674616781226
60.58992195267178
18.78868450464412
23.645447073166306
0.3609544280541266
-1.0390918635366742
60.69992195267178
18.836699636879697
23.546726432262805
0.48015132235575875
-0.9872064090349978
60.809699991750634
18.873157569649297
23.442943875259388
0.3645793276960154
-1.0378255700341563
60.91969999175063
18.916453089140987
23.341822670796898
0.432955194916889
-1.011212044624904
61.02969999175063
18.964792733447553
23.243013365626204
0.48339644306564167
-0.988093051706916
61.13969999175063
19.015797689164167
23.145553145575427
0.510049557166148
-0.9746022005077849
61.24969999175063
19.067119628909616
23.048259474143187
0.5132193974544944
-0.972936714322389
61.35969999175063
19.109903177685364
22.946920597328052
0.4278354877574666
-1.01338876815136
61.46969999175063
19.158641653624816
22.848307408742045
0.4873847593945113
-0.9861318858600784
61.57969999175063
19.209435682764667
22.750737092540138
0.5079402913984946
-0.9757031620190706
61.68969999175063
19.26134990775952
22.653758160584875
0.519142249948538
-0.9697893195526385
61.79969999175063
19.314779936481106
22.55760603096306
0.5343002872158696
-0.961521296218154
61.90969999175063
19.367866285933555
22.461263727161395
0.5308634945244908
-0.9634230380166576
62.01969999175063
19.414369217468483
22.361576830536723
0.46502931534926073
-0.9968689662467171
62.12969999175063
19.470633194292333
22.26705506102321
0.5626397682384913
-0.9452176951351139
62.239699991750626
19.532304032629643
22.175968795874322
0.6167083833731006
-0.9108626514888715
62.349699991750626
19.59454908318073
22.08527395764252
0.6224505055108677
-0.9069483823180157
62.459699991750625
19.645689280093077
21.98788463451228
0.5114019691234607
-0.9738932313024088
62.569699991750625
19.685787045956726
21.88545334450408
0.400977658636479
-1.024312900082005
62.679699991750624
19.71485756556004
21.77936420797261
0.29070519603317035
-1.0608913653147132
62.789699991750624
19.73354282737943
21.670962819647823
0.18685261819390034
-1.0840138832478505
62.89969999175062
19.746676360392215
21.561749677990775
0.13133533012783816
-1.0921314165704656
63.00969999175062
19.757246072236352
21.45225866835285
0.10569711844137865
-1.0949100963792366
63.11969999175062
19.771877513487173
21.343236097630438
0.14631441250821758
-1.0902257072241397
63.22969999175062
19.773512017779353
21.233931339571132
0.016345042921804248
-1.093047580593073
63.33901697002337
19.762259714901866
21.1245083726951
-0.11252302877486162
-1.0942296687603257
63.44901697002337
19.739715229226018
21.016843400835114
-0.22544485675847067
-1.0766497185998578
63.55901697002337
19.70780401300752
20.911573869253292
-0.3191121621849501
-1.0526953158182317
63.66901697002337
19.66718863265603
20.809346715918654
-0.4061538035149365
-1.0222715333463759
63.77901697002337
19.61783393550256
20.71104049094338
-0.4935469715346715
-0.9830622497527581
63.88901697002337
19.563195737407863
20.615569724166505
-0.5463819809469819
-0.9547076677687533
63.99901697002337
19.508921330181018
20.519891676944717
-0.5427440722684609
-0.9567804722178689
64.10901697002338
19.447543706279987
20.428607574910114
-0.6137762390103071
-0.9128410203460198
64.21901697002338
19.390115267175613
20.33478873681224
-0.5742843910437271
-0.9381883809787542
64.32901697002337
19.339380707585022
20.237187484447585
-0.5073455959058986
-0.9760125236465407
64.43901697002337
19.296325309783406
20.13596380776992
-0.4305539780161552
-1.012236766776659
64.54901697002337
19.25175560412241
20.035397703453942
-0.4456970566099786
-1.0056610431597723
64.65901697002337
19.212562976695203
19.93261668402257
-0.39192627427205173
-1.0278101943137308
64.76901697002337
19.18133588166908
19.827142191673804
-0.3122709502611977
-1.05474492348765
64.87901697002337
19.159589469055547
19.719313190294574
-0.21746412613534563
-1.0782900137922964
64.98901697002337
19.14503473830365
19.610280352063427
-0.1455473075189614
-1.0903283823114855
65.09901697002337
19.140848243918228
19.500360047911915
-0.04186494385421687
-1.0992030415151166
65.20901697002337
19.14319054160646
19.390384988732393
0.023422976882321825
-1.0997505917952355
65.31901697002337
19.145015756362497
19.280400132542578
0.018252147560351217
-1.0998485618981528
65.42901697002337
19.155891254659323
19.17093907308856
0.10875498296827009
-1.094610594540164
65.53901697002337
19.17661815704553
19.06290946826899
0.2072690238620796
-1.080296048195707
65.64901697002337
19.204185272998746
18.956419778073077
0.27567115953213145
-1.064896901959157
65.75901697002337
19.21920325780949
18.84744978159595
0.15017984810742835
-1.0896999647712347
65.86901697002337
19.23825005209642
18.739111332154437
0.19046794286929764
-1.0833844944151352
65.97901697002337
19.25567523449672
18.63050026909769
0.1742518240030143
-1.0861106305674495
66.08901697002337
19.2828459326874
18.52390874429468
0.27170698190681397
-1.0659152480301097
66.19901697002337
19.319409108574792
18.42016321827535
0.3656317588739242
-1.0374552601933063
66.30901697002336
19.349197142438097
18.314273308281248
0.2978803386330436
-1.0588990999410017
66.41901697002336
19.37522047310464
18.207395872584932
0.2602333066654444
-1.0687743569631378
66.52901697002336
19.402213707582945
18.100759268679898
0.26993234478303185
-1.066366039050351
66.63901697002336
19.42882683568754
17.994027167545852
0.2661312810459673
-1.0673210113404648
66.74901697002336
19.46604057400794
17.89051321833986
0.3721373832040042
-1.0351394920599235
66.85901697002336
19.505291427259102
17.78775442057025
0.3925085325116014
-1.0275879776961139
66.96901697002336
19.53274278320912
17.6812348305574
0.2745135595001818
-1.0651959001284883
67.07901697002336
19.566511067188745
17.576546230427915
0.33768283979626595
-1.0468860012948544
67.18901697002336
19.603495987702228
17.47295030553407
0.3698492051348102
-1.0359592489384652
67.29901697002336
19.638657679957028
17.368721444858252
0.3516169225479827
-1.0422886067581696
67.40901697002336
19.67610307382571
17.26529106983225
0.37445393868684695
-1.0343037502600032
67.51901697002336
19.70122004182808
17.158197008753366
0.25116968002368895
-1.0709406107888515
67.62901697002336
19.714150024220306
17.048959581305915
0.12929982392226166
-1.0923742744744918
67.73901697002336
19.716488565241335
16.938984442179414
0.023385410210293327
-1.099751391264997
67.84901697002336
19.708842807830635
16.829250480282393
-0.07645757410701208
-1.0973396189702034
67.95901697002336
19.696378388859287
16.71995895151778
-0.12464418971346423
-1.0929152876461532
68.06901697002336
19.68241379947595
16.610848960025915
-0.13964589383339465
-1.0910999149186442
68.17901697002335
19.672386628459865
16.50130693228581
-0.10027171016083047
-1.0954202774010635
68.28901697002335
19.66536748685893
16.391531107756062
-0.07019141600935563
-1.09775824529748
68.39901697002335
19.65452917724345
16.282066359801853
-0.10838309615478521
-1.094647479542114
68.50901697002335
19.647672585134146
16.17228026257344
-0.06856592109304953
-1.097860972284133
68.61901697002335
19.648243022761328
16.06228174167014
0.005704376271813234
-1.0999852090329896
68.72901697002335
19.649438242219272
15.952288235268865
0.0119521945794432
-1.0999350640127514
68.83901697002335
19.65444225186935
15.842402112908387
0.05004009650080339
-1.0988612236047783
68.94901697002335
19.670741220810598
15.733616343565828
0.16298968941247424
-1.0878576934255808
69.05901697002335
19.68733704196633
15.62487546477516
0.16595821155733623
-1.0874087879066872
69.16901697002335
19.700514348384157
15.515667596031324
0.13177306417825624
-1.092078687438352
69.27901697002335
19.715484634004444
15.406691036402902
0.14970285620287452
-1.08976559628422
69.38901697002335
19.74066606584345
15.299612114618371
0.2518143183900414
-1.0707892178453045
69.49901697002335
19.77422976019634
15.194857742769814
0.3356369435289224
-1.0475437184855645
69.60901697002335
19.809786579702617
15.090763013861007
0.3555681950627637
-1.040947289088073
69.71901697002335
19.84420309248258
14.986285726147042
0.34416512779961
-1.0447728771396576
69.82901697002335
19.87778089010859
14.881535874087065
0.3357779762600877
-1.0474985205997573
69.93901697002335
19.910465483871818
14.776503891669648
0.32684593763228054
-1.0503198241741776
70.04901697002335
19.931459140654184
14.668525808824544
0.2099365678236551
-1.0797808284510444
70.15901697002334
19.949890262243066
14.560080920715533
0.18431121588883062
-1.0844488810901054
70.26901697002334
19.955538543687474
14.450226030443298
0.056482814444078884
-1.0985489027223487
70.37901697002334
19.95597340181517
14.340226889999345
0.004348581276987051
-1.0999914044395427
70.48901697002334
19.956413440315018
14.230227770156873
0.004400384998475244
-1.0999911984247261
70.59901697002334
19.96543364789223
14.120598231002209
0.09020207577212677
-1.0962953915466394
70.70901697002334
19.98567301991137
14.012476226672513
0.2023937201914062
-1.0812200432969614
70.81901697002334
19.99382173097468
13.90277846685944
0.08148711063311584
-1.0969775981307306
70.92901697002334
19.990363118293512
13.792832853039144
-0.03458612681169468
-1.0994561382029595
71.03901697002334
19.99680366542681
13.68302156330706
0.06440547133297012
-1.0981128973208438
71.14901697002334
19.999874052608472
13.57306442291793
0.03070387181661303
-1.0995714038912932
71.25901697002334
19.99366103335121
13.46324002493775
-0.06213019257261638
-1.098243979801797
71.36901697002334
19.995415408047652
13.353254015966497
0.017543746964419932
-1.0998600897125272
71.47901697002334
19.986451069417072
13.243619894303047
-0.089643386305803
-1.0963412166345061
71.58901697002334
19.990423021935367
13.133691628633144
0.03971952518296076
-1.099282656699013
71.69901697002334
19.991379939919803
13.02369579094839
0.009569179844338143
-1.0999583768475545
71.80901697002334
19.99344275646051
12.913715134522274
0.020628165407076546
-1.0998065642611605
71.91901697002334
19.99731312190994
12.803783245284947
0.038703654494313997
-1.0993188923732662
72.02901697002333
19.99779109572112
12.693784283739687
0.0047797381117896135
-1.099989615452611
72.13901697002333
19.985330532829163
12.584492315268003
-0.12460562891957822
-1.0929196847168399
72.24901697002333
19.973070025153227
12.475177723600064
-0.12260507675935149
-1.0931459166793946
72.35901697002333
19.972873097491565
12.365177899875222
-0.0019692766166052654
-1.0999982372484092
72.46901697002333
19.98126242533313
12.255498279259692
0.08389327841566842
-1.0967962061553056
72.57901697002333
19.981287219598762
12.145498282054035
0.00024794265629678587
-1.099999972056563
72.68901697002333
19.979781602151654
12.035508586554398
-0.01505617447106889
-1.0998969549963746
72.79901697002333
19.98893499825116
11.92589008747762
0.09153396099506432
-1.0961849907677783
72.90901697002333
19.98638012258984
11.815919761433022
-0.025548756613220102
-1.0997032604459798
73.01901697002333
19.99512247912107
11.70626771538608
0.08742356531230037
-1.0965204604694279
73.12901697002333
19.993645708558077
11.596277628793223
-0.014767705629927743
-1.0999008659285745
73.23901697002333
19.99909340199291
11.486412608717494
0.054476934348309476
-1.0986502007572794
73.34901697002333
19.99167204095634
11.376663242430645
-0.0742136103656571
-1.0974936628684897
73.45901697002333
19.99304016492714
11.266671750774242
0.013681239707996864
-1.099914916564028
73.56901697002333
19.999947911327745
11.15688886030553
0.06907746400605047
-1.097828904687107
73.67901697002333
19.999404816941553
11.046890201002393
-0.005430943861932202
-1.0999865930313735
73.78901697002333
19.992184989100217
10.937127392702216
-0.07219827841334528
-1.097628083001774
73.89901697002333
19.997524228726235
10.827257048567796
0.053392396260188324
-1.0987034413442032
74.00901697002332
19.990419062800026
10.717486758337875
-0.07105165926208
-1.0977029022992084
74.11901697002332
19.986400530349442
10.607560185586134
-0.04018532450583036
-1.0992657275174011
74.22901697002332
19.990273130283118
10.497628375040899
0.03872599933676771
-1.0993181054523613
74.33901697002332
19.992788594685486
10.387657140443663
0.025154644023688433
-1.0997123459723646
74.44901697002332
19.999101076169126
10.277838414456157
0.06312481483639797
-1.09818725987505
74.55901697002332
19.998934096240596
10.167838541193943
-0.0016697992852886551
-1.099998732622155
74.66901697002332
19.990641005991098
10.058151601888875
-0.08293090249500013
-1.096869393050679
74.77901697002332
19.994309527151017
9.948212791851203
0.03668521159918124
-1.0993881003767159
74.88901697002332
19.985643589105795
9.838554679895013
-0.0866593804522413
-1.096581119561902
74.99901697002332
19.964212006174797
9.730662663262308
-0.21431582930995766
-1.0789201663270482
75.10901697002332
19.955160201635223
9.621035728458049
-0.09051804539574074
-1.0962693480425942
75.21901697002332
19.94320231411726
9.51168761953015
-0.11957887517963721
-1.093481089278993
75.32901697002332
19.942046115674128
9.401693696038167
-0.011561984431324187
-1.0999392349198251
75.43901697002332
19.945990583840764
9.29176444073785
0.03944468166635218
-1.0992925530031759
75.54901697002332
19.958213395250898
9.18244562771268
0.12222811410134954
-1.0931881302517092
75.65901697002332
19.982448673366427
9.075148604013684
0.24235278115530817
-1.0729702369899585
75.76901697002332
20.01348174329059
8.969616862006447
0.3103306992416419
-1.0553174200723656
75.87901697002332
20.050583913484896
8.866062871417611
0.3710217019430567
-1.035539905888362
75.98901697002331
20.097255705369523
8.766454920719497
0.46671791884627983
-0.9960795069811433
76.09901697002331
20.138755125888057
8.664583442392018
0.41499420518532515
-1.0187147832747891
76.20901697002331
20.177896685416982
8.561782964194474
0.3914155952892466
-1.0280047819754365
76.31901697002331
20.226147729727376
8.462930363202107
0.482510443103953
-0.9885260099236778
76.42901697002331
20.266264088579113
8.360506353553593
0.40116358851735295
-1.0242400964851357
76.53901697002331
20.31321608567892
8.261030175659888
0.4695199709980664
-0.9947617789370354
76.64901697002331
20.365272902245735
8.16412771001051
0.520568165668148
-0.969024656493786
76.75901697002331
20.417960872996364
8.067566963647502
0.526879707506276
-0.9656074636300723
76.86901697002331
20.476631567333285
7.974519934538437
0.5867069433692274
-0.9304702910906606
76.97901697002331
20.544794893990865
7.888184768476325
0.6816332665757775
-0.8633516606211139
77.08901697002331
20.621196115465505
7.809046576955524
0.7640122147463941
-0.7913819152080175
77.19901697002331
20.688677625780556
7.722177446848219
0.6748151031505004
-0.868691301073045
77.30901697002331
20.75777308383742
7.63658645622472
0.6909545805686491
-0.8559099062349975
77.4190169700233
20.83332595330579
7.556637948326849
0.7555286946836705
-0.7994850789787069
77.5290169700233
20.902907177864325
7.47144139212336
0.6958122455853831
-0.8519655620348906
77.6390169700233
20.979823521751698
7.392803767267321
0.7691634388737398
-0.7863762485603968
77.7490169700233
21.047761249919976
7.306290964218678
0.6793772816827783
-0.8651280304864242
77.8590169700233
21.124118767135325
7.227110603240039
0.7635751721534981
-0.7918036097863889
77.9690169700233
21.199427680371716
7.146932254621765
0.7530891323639265
-0.8017834861827403
78.0790169700233
21.282928607602734
7.075325026274618
0.8350092723101731
-0.7160722834714632
78.1890169700233
21.370614178707168
7.008907855150809
0.8768557110443285
-0.6641717112380997
78.2990169700233
21.44991299069248
6.9326733589058795
0.7929881198531196
-0.7623449624492936
78.4090169700233
21.536545308318995
6.864888098394036
0.8663231762651521
-0.6778526051184418
78.5190169700233
21.62967340442433
6.806346167132796
0.9312809610533375
-0.585419312612398
78.6290169700233
21.72361349255663
6.749116281219093
0.9394008813230137
-0.572298859137029
78.7390169700233
21.810389026395285
6.681514456339755
0.8677553383865394
-0.676018248793376
78.8490169700233
21.891790372643488
6.6075291819334225
0.8140134624820184
-0.7398527440633276
78.9590169700233
21.973382730076224
6.533754611730889
0.8159235743273675
-0.7377457020253341
79.0690169700233
22.060141068705303
6.466130720403029
0.8675833862907797
-0.6762389132786012
79.1790169700233
22.152293046702855
6.406063982925967
0.921519779975541
-0.600667374770622
79.2890169700233
22.244229642040327
6.3456681019591805
0.9193659533747046
-0.6039588096678619
79.3990169700233
22.338050161202542
6.2882424092412625
0.9382051916221339
-0.5742569271791808
79.5090169700233
22.42467306210228
6.220445115492072
0.8662290089973842
-0.6779729374919106
79.6190169700233
22.518143372605604
6.162451141198079
0.9347031050332328
-0.5799397429399311
79.7290169700233
22.615134256194498
6.1105592487615406
0.9699088358889584
-0.5189189243653827
79.8390169700233
22.716607086326068
6.068094383930843
1.0147283013157062
-0.4246486483069756
79.9490169700233
22.821301143252516
6.034343021820821
1.046940569264473
-0.3375136211002178
80.0590169700233
22.928726600943715
6.010683540849413
1.0742545769119873
-0.23659480971409158
80.16901697002329
23.037952565271535
5.997657078679744
1.0922596432781997
-0.13026462169668537
80.27901697002329
23.14586501996497
5.976328644090273
1.0791245469343498
-0.2132843458947104
80.38901697002329
23.255095804297067
5.963342661101125
1.092307843320991
-0.12985982989148598
80.49901697002329
23.36508789233197
5.962023354570346
1.0999208803490297
-0.013193065307788136
80.60901697002329
23.474248898212913
5.948463310504763
1.0916100588094375
-0.1356004406558346
80.71901697002329
23.58420063454868
5.945205139737313
1.099517363357675
-0.03258170767449836
80.82901697002329
23.694107656135028
5.949726932083045
1.0990702158634853
0.04521792345732094
80.93901697002329
23.803806790205307
5.94159674240314
1.0969913407027778
-0.08130189679904208
81.04901697002329
23.91376759383883
5.944533009466889
1.0996080363352363
0.02936267063749269
81.15901697002329
24.023721373752224
5.941344548590943
1.0995377991339161
-0.03188460875946043
81.26901697002329
24.13281510655785
5.927253506665843
1.0909373280562487
-0.14091041925100023
81.37901697002329
24.24215611243403
5.915230843317621
1.0934100587618227
-0.1202266334822173
81.48901697002329
24.352078759993052
5.911106336848285
1.0992264755901942
-0.041245064693368874
81.59901697002329
24.462003724165037
5.907044040479452
1.0992496417198312
-0.040622963688324534
81.70901697002328
24.571892647675732
5.91198615436525
1.0988892351069695
0.04942113885798326
81.81901697002328
24.681842278252876
5.91531462788171
1.0994963057714306
0.033284735164592294
81.92901697002328
24.791050105095547
5.928492281553785
1.092078268426711
0.13177653672075743
82.03901697002328
24.900152546999504
5.942515732291523
1.0910244190395675
0.14023450737737328
82.14901697002328
25.008238369097768
5.962947449334945
1.0808582209826387
0.20431717043421885
82.25901697002328
25.115363719482833
5.987930629774531
1.0712535038506568
0.24983180439585967
82.36901697002328
25.222925877234047
6.010960658430678
1.0756215775121403
0.23030028656146947
82.47901697002328
25.319919305274826
6.041560492388665
0.9699342804077958
0.30599833957987954
82.5807227954285
25.42225925936354
6.081890801054982
1.0233995408871184
0.40330308666316417
82.6907227954285
25.52197723282915
6.128327055941781
0.9971797346561085
0.4643625488679863
82.8007227954285
25.62034502372185
6.177558932961557
0.983677908926981
0.4923187701977674
82.9107227954285
25.718048672801185
6.2280960179248
0.977036490793356
0.5053708496324302
83.0207227954285
25.815092728533802
6.2798884039189256
0.9704405573261826
0.5179238599412549
83.1307227954285
25.915562857042254
6.324674040874259
1.004701285084527
0.4478563695533426
83.2407227954285
26.011711576408782
6.378110206194913
0.9614871936653014
0.5343616532065373
83.3507227954285
26.10755676939849
6.432088896256509
0.9584519298970665
0.5397869006159642
83.4607227954285
26.208743906428683
6.475230098136294
1.011871370301962
0.4314120187978426
83.5707227954285
26.309192765954563
6.520063418557051
1.0044885952587868
0.448333204207573
83.6807227954285
26.406849969736058
6.570690195558751
0.9765720378149324
0.5062677700170044
83.7907227954285
26.499304360253518
6.630290410944646
0.9245439051745967
0.596002153858949
83.90072279542849
26.589644015257885
6.693049846360302
0.9033965500436708
0.6275943541565631
84.01072279542849
26.672158511425874
6.76579156700357
0.825144961679865
0.727417206432687
84.12072279542849
26.759145117633267
6.833121577701027
0.8698660620739496
0.6733001069745647
84.23072279542849
26.8399790420041
6.907726380970057
0.8083392437083174
0.7460480326902991
84.34072279542849
26.918830846677253
6.984423140352619
0.7885180467315498
0.7669675938256202
84.45072279542849
26.998218476084897
7.060565141226214
0.7938762940764361
0.7614200087359566
84.56072279542849
27.0725590559067
7.141642130512682
0.7434057982180409
0.8107698928646758
84.67072279542849
27.137498590010626
7.230427584897761
0.6493953410392624
0.8878545438507931
84.78072279542849
27.199450674766137
7.321322794862016
0.6195208475551125
0.9089520996425473
84.89072279542849
27.26014322069267
7.41306381550685
0.6069254592653172
0.9174102064483389
85.00072279542849
27.327708743357427
7.499867618113868
0.6756552266475785
0.8680380260701772
85.11072279542849
27.389700888439936
7.590735510947747
0.6199214508250818
0.9086789283387868
85.22072279542849
27.455570126592495
7.678833430702991
0.6586923815255951
0.8809791975524395
85.33072279542849
27.530808804382072
7.759077691335613
0.7523867778957678
0.8024426063262249
85.44072279542848
27.597527985780317
7.846533685032719
0.6671918139824319
0.8745599369710646
85.55072279542848
27.66265319880076
7.935183031499808
0.6512521302044294
0.8864934646708871
85.66072279542848
27.72535086695306
8.025565565256416
0.6269766815229851
0.9038253375660728
85.77072279542848
27.789364489666138
8.115020895489712
0.6401362271307592
0.8945533023329562
85.88072279542848
27.84930821567563
8.207252938251969
0.5994372600949361
0.9223204276225678
85.99072279542848
27.912882296487883
8.297021174554557
0.6357408081225235
0.8976823630258762
86.10072279542848
27.976071994099318
8.387060399983117
0.6318969761143641
0.9003922542856102
86.21072279542848
28.028482457884813
8.483772050190261
0.5241046378549699
0.967116502071447
86.32072279542848
28.081822693232997
8.579974021547404
0.5334023534818223
0.9620197135714285
86.43072279542848
28.12955173883418
8.679079713644276
0.4772904560118494
0.9910569209687207
86.54072279542848
28.184899519506985
8.774140868563597
0.5534778067280279
0.9506115491932189
86.65072279542848
28.24283049881905
8.86765023513158
0.5793097931206337
0.9350936656798232
86.76072279542848
28.298279444312357
8.962652416389066
0.5544894549330678
0.9500218125748637
86.87072279542848
28.35897413993445
9.054392014836743
0.6069469562209464
0.9173959844767846
86.98072279542848
28.408498190435484
9.152613033065894
0.49524050501035005
0.982210182291496
87.09072279542848
28.449509182014747
9.254682120304322
0.41010991579261574
1.0206908723842758
87.20072279542848
28.500828317989082
9.351977270660583
0.5131913597433628
0.9729515035626178
87.31072279542848
28.554747054197545
9.447856204142774
0.5391873620846204
0.9587893348219035
87.42072279542847
28.60691343785317
9.544699729565458
0.521663836556259
0.9684352542268403
87.53072279542847
28.650053713440634
9.645887261515979
0.43140275587463384
1.0118753195052101
87.64072279542847
28.69542667829115
9.746093519108378
0.45372964850513264
1.0020625759239834
87.75072279542847
28.737807193074314
9.847601607292098
0.42380514783164136
1.0150808818372066
87.86072279542847
28.768726218956825
9.953166818599975
0.30919025882510437
1.0556521130787666
87.97072279542847
28.80185028323476
10.05806103372031
0.33124064277935117
1.0489421512033552
88.08072279542847
28.834142454596243
10.163214329763566
0.32292171361484334
1.0515329604325552
88.19072279542847
28.866592290189576
10.268319078324064
0.3244983559333393
1.0510474856049843
88.30072279542847
28.899591117516703
10.373252759261284
0.32998827327126856
1.0493368093722084
88.41072279542847
28.926875855290707
10.479815149834149
0.27284737774003104
1.065623905728653
88.52072279542847
28.943560643587126
10.588542413386138
0.16684788296419673
1.0872726355198892
88.63072279542847
28.96721561358015
10.695968864480033
0.236549699930247
1.0742645109389541
88.74072279542847
28.99356174977012
10.802767184260167
0.2634613618996761
1.067983197801336
88.85072279542847
29.027851629884253
10.907286101790719
0.3428988011413352
1.0451891753055211
88.96072279542847
29.06152523442819
11.012005194400512
0.3367360454393684
1.0471909260979373
89.07072279542847
29.093090726034532
11.117378909052933
0.31565491606342716
1.053737146524213
89.18072279542847
29.112005837534582
11.225740426931472
0.1891511150005039
1.0836151787853778
89.29072279542847
29.135835252386673
11.333128317253458
0.23829414852089773
1.0738789032198652
89.40072279542846
29.154040472531246
11.441611357215876
0.18205220144573286
1.0848303996241822
89.51072279542846
29.18488074577571
11.547199602519067
0.3084027324446397
1.0558824530319084
89.62072279542846
29.21922907402969
11.651699326662992
0.3434832825398134
1.0449972414392659
89.73072279542846
29.244207470743817
11.758825792569377
0.24978396714124293
1.071264659063848
89.84072279542846
29.269572223396022
11.865861437673672
0.2536475265220385
1.0703564510429469
89.95072279542846
29.28268395516566
11.975077198853096
0.1311173176963864
1.0921576117942435
90.06072279542846
29.283199658032434
12.085075989985333
0.005157028667755434
1.0999879113223565
90.17072279542846
29.28834868127891
12.194955412806928
0.05149023246479397
1.0987942282159666
90.28072279542846
29.29590879953335
12.30469530806831
0.07560118254437165
1.0973989526138126
90.39072279542846
29.309292818721065
12.413878035779165
0.13384019187714863
1.091827277108558
90.50072279542846
29.320415786339364
12.52331422536635
0.111229676183
1.0943618958718477
90.61072279542846
29.331874677831237
12.632715750976269
0.11458891491872264
1.094015256099178
90.72072279542846
29.346095006535904
12.741792706615538
0.14220328704668503
1.0907695563926958
90.83072279542846
29.363172897007875
12.850458918737925
0.17077890471970203
1.0866621212238599
90.94072279542846
29.367347975930677
12.960379657072364
0.04175078922800816
1.0992073833443983
91.05072279542846
29.37196045715577
13.070282910058562
0.04612481225092959
1.0990325298619765
91.16072279542846
29.380473131558205
13.17995302620019
0.08512674402434492
1.0967011614162783
91.27072279542845
29.376235136531403
13.28708928577399
-0.04237995026802377
1.0713625957379997
91.37794284354126
29.37582926055697
13.397088536974593
-0.004058759744332351
1.099992512006031
91.48794284354126
29.37553238584159
13.50708813636206
-0.002968747153794431
1.0999959938746764
91.59794284354126
29.378727377853586
13.617041726690177
0.031949920119931474
1.0995359032811662
91.70794284354126
29.383693361266523
13.72692957410172
0.0496598341293863
1.0988784741154236
91.81794284354126
29.384187383358928
13.836928464742362
0.004940220924052318
1.0999889064064334
91.92794284354126
29.39112665326476
13.94670936714881
0.06939269905832231
1.0978090240644778
92.03794284354126
29.40274356089106
14.056094226508787
0.11616907626301898
1.093848593599771
92.14794284354126
29.416431589832484
14.165239257837284
0.13688028941424385
1.0914503132849764
92.25794284354126
29.432371524011256
14.274078214550293
0.15939934178771242
1.088389567130099
92.36794284354126
29.443789325146202
14.383484036229229
0.11417801134946023
1.0940582167893456
92.47794284354126
29.456260674073338
14.492774774427566
0.12471348927135609
1.0929073819833788
92.58794284354126
29.470705222258054
14.601822264209492
0.14444548184718153
1.0904748978192647
92.69794284354126
29.49147036759922
14.709844524595766
0.20765145341167124
1.0802226038627505
92.80794284354126
29.513867838353683
14.817540175871958
0.22397470754462584
1.0769565127619125
92.91794284354125
29.538924747323115
14.92464830494206
0.25056908969430625
1.0710812907010219
93.02794284354125
29.563834036714905
15.031790860922381
0.24909289391788156
1.071425559803207
93.13794284354125
29.582851821491065
15.140134406471748
0.1901778477615934
1.0834354554936665
93.24794284354125
29.60033055966663
15.248736863680552
0.17478738175565037
1.0860245720880373
93.35794284354125
29.613893591743054
15.357897498347514
0.13563032076424258
1.0916063466696175
93.46794284354125
29.617607228308263
15.467834793672901
0.037136365652085356
1.0993729532538785
93.57794284354125
29.62351243988936
15.577676172379574
0.05905211581097689
1.098413787066717
93.68794284354125
29.631440398736046
15.687390107084903
0.0792795884668439
1.097139347053294
93.79794284354125
29.641236668987293
15.796953025488735
0.09796270251246948
1.0956291840383103
93.90794284354125
29.652760199735216
15.906347761372604
0.1152353074792221
1.093947358838701
94.01794284354125
29.665882342681776
16.01556227215066
0.13122142946559218
1.092145107780558
94.12794284354125
29.68048591225936
16.1245885797814
0.14603569577584
1.090263076307396
94.23794284354125
29.69646429988445
16.233421897882533
0.1597838762509094
1.0883331810113273
94.34794284354125
29.713720649603108
16.342059913302492
0.17256349718658284
1.0863801541995952
94.45794284354125
29.732167099371274
16.450502195143805
0.18446449768165304
1.0844228184131204
94.56794284354125
29.751724090296932
16.55874970830662
0.19556990925656498
1.0824751316281493
94.67794284354125
29.7723197451496
16.666804412050556
0.20595654852664805
1.080547037439366
94.78794284354124
29.793889317193056
16.774668926891454
0.2156957204345576
1.078645148408974
94.89794284354124
29.816374710882005
16.882346255381034
0.22485393688948793
1.0767732848958032
95.00794284354124
29.839724077242874
16.989839543964766
0.23349366360869298
1.0749328858373393
95.11794284354124
29.863891489025853
17.097151874140344
0.24167411782978127
1.073123301755766
95.22794284354124
29.88883670436303
17.204286071443455
0.24945215337175364
1.0713419730311118
95.33794284354124
29.914525033427108
17.311244520150865
0.2568832906407819
1.0695844870740991
95.44794284354124
29.940927331794228
17.418028969584917
0.2640229836712026
1.0678444943405176
95.55794284354124
29.96802015936852
17.524640313700022
0.2709282757429416
1.066113441151061
95.66794284354124
29.995786169658388
17.63107831759235
0.27766010289864723
1.0643800389232754
95.77794284354124
30.024214840748904
17.737341249323162
0.28428671090518015
1.062629317308117
95.88794284354124
30.053303747842083
17.843425345605898
0.2908890709317889
1.0608409628273414
95.99794284354124
30.08306075777148
17.949323978080834
0.29757009929397593
1.0589863247493678
96.10794284354124
30.113507927584987
18.055026247925657
0.3044716981350536
1.05702269844822
96.21794284354124
30.144688889428654
18.160514387631046
0.311809618436673
1.0548813970538948
96.32794284354124
30.176684403841293
18.265758328347225
0.3199551441263872
1.0524394071617913
96.43794284354124
30.20965125591334
18.370702059291286
0.32966852072047964
1.0494373094406215
96.54794284354124
30.243954298461315
18.47521665765894
0.3430304254797416
1.0451459836765327
96.65794284354124
30.281092461853813
18.578757745251412
0.37138163392496654
1.0354108759247327
96.76794284354123
30.310550072175495
18.675894997701846
0.29457610321682637
0.9713725245043461
96.86944849175592
30.331910883136825
18.76610999928611
0.2136081096133051
0.9021500158426099
96.96215788047019
30.353309521003673
18.85617743636916
0.21398637866850423
0.9006743708304855
97.05473241760252
30.37476120088672
18.946100613569055
0.21451679883046115
0.8992317719989525
97.14717890140547
30.3962824716524
19.035882127534144
0.21521270765676917
0.8978151396509065
97.23950379157726
30.41789141242035
19.12552382284156
0.21608940767952714
0.8964169530741637
97.33171322633694
30.439607852539392
19.215026737037142
0.21716440119043612
0.8950291419558113
97.42381303861116
30.461453618011188
19.3043910329093
0.21845765471794387
0.8936429587215842
97.51580877136966
30.483452807661173
19.393615915662703
0.21999189649984738
0.8922488275340192
97.60770569214297
30.505632102710816
19.48269953212981
0.22179295049643144
0.8908361646710696
97.69950880675113
30.528021113780046
19.571638848503877
0.22389011069230305
0.8893931637406676
97.7912228722686
30.550652769736843
19.660429502264105
0.22631655956798705
0.8879065376022602
97.88285240924503
30.57356375320076
19.749065622952468
0.22910983463915038
0.8863612068836323
97.97440171319633
30.596794987880333
19.837539615202626
0.232312346795741
0.8847399225015955
98.06587486537454
30.62039218325336
19.925841895852336
0.23597195373028662
0.8830228064971186
98.15727574281789
30.644406442342216
20.013960575015528
0.2401425908885632
0.8811867916319032
98.24860802767408
30.668894938433663
20.101881068554302
0.24488496091447018
0.8792049353877416
98.33987521578088
30.69392166645586
20.189585626359776
0.2502672802219841
0.8770455780547506
98.43108062447658
30.71955827422858
20.27705275708504
0.2563660777271761
0.8746713072526695
98.52222739960001
30.745884977765954
20.364256525309237
0.26326703537375445
0.8720376822419758
98.61331852162431
30.772991562979335
20.451165691357822
0.2710658521338111
0.8690916604858372
98.70435681085027
30.800978473140724
20.537742656947003
0.279869101613867
0.8657696558918198
98.79534493156397
30.82995797682049
20.62394217123392
0.2897950367976866
0.8619951428691736
98.88628539503776
30.860055404003347
20.709709741522495
0.3009742718285483
0.8576757028857331
98.97718056122515
30.891410427742237
20.794979680635887
0.31355023738887766
0.8526993911339287
99.06803263896731
30.92417835370172
20.879672708788803
0.32767925959481464
0.8469302815291605
99.15884368449261
30.95853135847416
20.963693011908763
0.343530047724422
0.8402030311995937
99.24961559795302
30.994659587241006
21.046924641478398
0.36128228766844817
0.8323162956963428
99.34035011770514
31.03277197911297
21.12922712464361
0.381123918719641
0.8230248316521247
99.43104881201417
31.073096630470058
21.210430140467555
0.40324651357088015
0.8120301582394358
99.5217130678484
31.11588042830709
21.290327113898684
0.4278379783703055
0.7989697343112793
99.6123440764537
31.16138758216547
21.368667591692542
0.4550715385838007
0.7834047779385821
99.70294281548057
31.209896550632433
21.445148307514973
0.4850896846696206
0.7648071582243247
99.79351002761851
31.261694695438162
21.519402936904065
0.5179814480573107
0.742546293890916
99.88404619603217
31.317069808610135
21.59099071553788
0.5537511317197461
0.7158777863381554
99.97455151746983
31.376297465473456
21.65938438484895
0.5922765686332158
0.6839366931106805
100.06502587482788
31.43962300255024
21.72395838345116
0.6332553707678311
0.6457399860221049
100.15546881231634
31.507236887896546
21.783978865452063
0.6761388534630819
0.6002048200090487
100.24587951827114
31.57924248094005
21.83859801775683
0.7200559304350299
0.5461915230476561
100.33625682309949
31.655615873050973
21.886856220447758
0.7637339211092217
0.48258202690928703
100.42659922261095
31.73615891007882
21.927696662192226
0.8054303702784855
0.4084044174446922
100.51690493945962
31.820448845555905
21.959997677064095
0.8428993547708483
0.3230101487187057
100.6071720363692
31.90779137339859
21.982627617898697
0.8734252784268483
0.22629940834600087
100.69739859228335
31.997187562609163
21.994524621320117
0.893961892105704
0.11897003421420684
100.78758294422857
32.08732818447871
21.99479839025411
0.9014062186954185
0.0027376893399413404
100.8777239818333
