992
1
2
0.9
0.0
0
1.0840296648224244
2.0542126869822095
0.8402966482242443
0.5421268698220931
0.10000000000000003
1.1096646013290508
2.150871106327351
0.256349365066264
0.9665841934514154
0.1999999999999999
1.1559808151185686
2.239498462940327
0.46316213789517996
0.8862735661297624
0.2999999999999999
1.1835312127448423
2.335628456129936
0.2755039762627356
0.9612999318960873
0.39999999999999986
1.2129253416885386
2.4312108037870286
0.29394128943696196
0.9558234765709284
0.4999999999999998
1.2471313946819007
2.5251785958150172
0.342060529933621
0.9396779202798852
0.5999999999999999
1.2672613827592327
2.6231315619773876
0.20129988077331984
0.9795296616237036
0.6999999999999998
1.338276670545177
2.6935363125321587
0.7101528778594423
0.7040475055477095
0.7999999999999999
1.4382531976661233
2.6913697427006777
0.9997652712094632
-0.0216656983148104
0.8999999999999999
1.4966521489954596
2.772545862857001
0.5839895132933645
0.8117612015632304
1.0
1.5906578212186948
2.806647674976853
0.940056722232351
0.34101812119851993
1.1
1.6385028443802145
2.8944591421020163
0.47845023161519806
0.8781146712516329
1.2000000000000002
1.7198224671821651
2.9526581021214913
0.8131962280195063
0.581989600194752
1.3
1.8189290230706108
2.965995664864752
0.9910655588844557
0.13337562743260722
1.4000000000000001
1.8988708296417136
3.0260731778138448
0.7994180657110276
0.6007751294909263
1.5000000000000002
1.970216555015503
3.096143053444445
0.7134572537378951
0.7006987563060039
1.6
2.045754999328372
3.161671241507229
0.75538444312869
0.6552818806278401
1.7000000000000002
2.113676760537518
3.235064935747591
0.6792176120914617
0.7339369424036185
1.8
2.1756581615510893
3.31353981025144
0.6198140101357122
0.7847487450384915
1.9000000000000001
2.176440687351493
3.4135367484714263
0.00782525800403887
0.9999693821998603
2.0000000000000004
2.2721557877173346
3.4424956773528073
0.9571510036584157
0.2895892888138093
2.1000000000000005
2.271780145434143
3.5424949718146936
-0.0037564228319141506
0.9999929446188647
2.2000000000000006
2.3215345034393042
3.629238869925709
0.49754358005160954
0.8674389811101572
2.3000000000000007
2.314480691534054
3.7289897783807473
-0.07053811905249961
0.9975090845503792
2.400000000000001
2.345459823130295
3.8240702359182603
0.30979131596240783
0.9508045753751292
2.500000000000001
2.44535866206893
3.828567121364056
0.9989883893863527
0.04496885445795815
2.6000000000000005
2.478704679993776
3.922843539881922
0.3334601792484591
0.9427641851786615
2.7
2.4879344140838695
4.022416688916318
0.09229734090093403
0.9957314903439666
2.8
2.587220953522996
4.034340743855927
0.992865394391263
0.119240549396093
2.9
2.595971912717807
4.1339571115530624
0.08750959194811067
0.9961636769713476
3.0000000000000004
2.694716651453423
4.149751938935311
0.9874473873561558
0.1579482738224832
3.1000000000000005
2.708868748390933
4.24874546474519
0.14152096937510017
0.989935258098797
3.2
2.743824802342682
4.342436842641571
0.34956053951749033
0.9369137789638068
3.3000000000000003
2.771601097056842
4.438501807389143
0.277762947141599
0.9606496474757139
3.400000000000001
2.758735428127266
4.537670726728796
-0.1286566892957618
0.9916891933965267
3.5000000000000013
2.771840088265503
4.636808347653757
0.13104660138237256
0.9913762092496116
3.6000000000000014
2.779395676986217
4.736522504517682
0.07555588720714089
0.9971415686392489
3.7000000000000015
2.820721841301377
4.827583737449135
0.41326164315159813
0.910612329314534
3.8000000000000016
2.8415600061059423
4.9253884964722925
0.20838164804565343
0.9780475902315681
3.900000000000002
2.8611668208462335
5.023447523673973
0.19606814740291073
0.9805902720168044
4.000000000000002
2.905382304508532
5.113141397514436
0.44215483662298627
0.8969387384046362
4.100000000000001
2.902714001110749
5.213105791960546
-0.026683033977831443
0.9996439444610956
4.200000000000001
2.9616942052425452
5.2938605783237795
0.5898020413179659
0.8075478636323425
4.300000000000001
2.997471747801145
5.38724134426874
0.35777542558599734
0.9338076594496098
4.4
3.0471052104551815
5.474054473373561
0.4963346265403643
0.868131291048213
4.5
3.097450548743952
5.560456712422033
0.5034533828877058
0.8640223904847171
4.6
3.1972741415694714
5.554519514816693
0.9982359282551971
-0.059371976053394615
4.699999999999999
3.272928251187484
5.619914130022425
0.7565410961801254
0.653946152057319
4.8
3.300643077759128
5.7159968464083795
0.2771482657164397
0.9608271638595413
4.8999999999999995
3.3651687581375653
5.792393420753697
0.6452568037843733
0.763965743453183
4.999999999999999
3.3575220634788985
5.892100632432678
-0.07646694658666994
0.9970721167898094
5.099999999999999
3.4441295350561725
5.942092090372927
0.8660747157727398
0.49991457940248973
5.199999999999998
3.504630220176793
6.021714116847613
0.6050068512062023
0.7962202647468577
5.299999999999999
3.496112483650807
6.121350697301148
-0.0851773652598581
0.9963658045353567
5.399999999999999
3.5091018628456583
6.220503488629141
0.12989379194851075
0.9915279132799224
5.499999999999999
3.529915318678014
6.3183135088536275
0.20813455832355715
0.978100202244871
5.599999999999999
3.59291809819134
6.395970767198198
0.6300277951332568
0.7765725834456988
5.699999999999999
3.6102856644651196
6.494451057823915
0.1736756627377945
0.9848029062571799
5.799999999999999
3.625639234737872
6.593265367920579
0.15353570272752098
0.9881431009666396
5.899999999999999
3.6730013531409833
6.681338234005257
0.4736211840311138
0.8807286608467819
5.999999999999998
3.7273959737651476
6.76525024296198
0.543946206241645
0.8391200895672334
6.099999999999998
3.7104401946284797
6.86380226756761
-0.16955779136667692
0.985520246056292
6.199999999999998
3.7042353586745937
6.963609581982864
-0.062048359538860655
0.9980731441525397
6.299999999999998
3.732763494781841
7.059453963405284
0.2852813610724747
0.9584438142242018
6.399999999999999
3.7522946555610743
7.157528087202623
0.1953116077923302
0.9807412379733887
6.499999999999999
3.838560885308253
7.208106122012281
0.862662297471788
0.5057803480965787
6.599999999999999
3.824481216182272
7.307109975054993
-0.1407966912598112
0.990038530427119
6.699999999999998
3.90283231719672
7.369247765246017
0.7835110101444787
0.6213779019102454
6.799999999999998
3.8583068127489444
7.458788144146663
-0.4452550444777578
0.8954037890064516
6.899999999999999
3.8989728280031715
7.550146095105203
0.4066601525422688
0.9135795095853994
6.999999999999998
3.9263077961499095
7.646337568305361
0.2733496814673801
0.9619147320015854
7.099999999999998
3.942832415092439
7.7449628032546585
0.16524618942529862
0.9862523494929775
7.1999999999999975
4.021272271979549
7.806988514468072
0.7843985688710962
0.6202571121341344
7.299999999999998
4.119777072107277
7.824216525142449
0.9850480012772749
0.1722801067437732
7.399999999999999
4.196331455575931
7.88855489916398
0.765543834686539
0.6433837402153005
7.499999999999999
4.2362445766870245
7.980244281118332
0.39913121111093863
0.9168938195435257
7.599999999999999
4.275832163457653
8.072074684437048
0.3958758677062878
0.918304033187154
7.699999999999999
4.374477040974215
8.08848163844267
0.9864487751656154
0.16406954005621346
7.8
4.420127362245042
8.177453814811859
0.4565032127082742
0.8897217636918995
7.8999999999999995
4.513898364844262
8.212195706981646
0.9377100259921963
0.3474189216978756
7.999999999999999
4.5255926026905815
8.311509577116656
0.11694237846319597
0.9931387013501038
8.099999999999998
4.615098710918083
8.356103933149306
0.8950610822750131
0.44594356032650817
8.199999999999998
4.61830639035885
8.456052473872047
0.03207679440766371
0.9994854072274034
8.299999999999997
4.599323524136358
8.554234197171137
-0.18982866222491435
0.981817232990896
8.399999999999999
4.646893994362406
8.642194701731267
0.47570470226047745
0.8796050456013031
8.499999999999998
4.643985285143049
8.74215238983317
-0.029087092193569333
0.9995768810190254
8.599999999999998
4.665674119671859
8.839772031590256
0.216888345288102
0.9761964175708643
8.699999999999998
4.678043169541274
8.939004116146249
0.12369049869415327
0.9923208455599387
8.799999999999997
4.683640295484639
9.03884735418055
0.05597125943364911
0.9984323803430111
8.899999999999997
4.738553494730526
9.122420917874948
0.5491319924588715
0.8357356369439741
8.999999999999996
4.77053223792883
9.217169849180038
0.31978743198303133
0.9474893130509168
9.099999999999996
4.8701367997625455
9.208285522423697
0.9960456183371607
-0.0888432675634074
9.199999999999996
4.91139544731257
9.299377366198772
0.4125864755002443
0.9109184377507606
9.299999999999995
4.974638302341024
9.376839236095194
0.6324285502845365
0.7746186989642063
9.399999999999997
4.994350249301824
9.474877183579903
0.1971194696080039
0.9803794748470918
9.499999999999996
5.011344852754623
9.573422520625762
0.16994603452798596
0.985453370458599
9.599999999999996
5.0394407103461445
9.6693945102175
0.28095857591522017
0.9597198959173929
9.699999999999996
5.090881615597648
9.755149004367404
0.5144090525150372
0.8575449414990339
9.799999999999995
5.143145195547098
9.840404609525466
0.5226357994945013
0.8525560515806239
9.899999999999995
5.192185457522334
9.92755420909655
0.4904026197523584
0.8714959957108374
9.999999999999996
5.194722587461093
10.027522018773835
0.025371299387589613
0.9996780967728489
10.099999999999996
5.21768850396519
10.124849130511144
0.22965916504097797
0.973271117373099
10.199999999999996
5.275469114089161
10.206466537316933
0.5778061012397089
0.8161740680578913
10.299999999999995
5.368591092442863
10.242912348427303
0.9312197835370105
0.36445811110370857
10.399999999999995
5.401994313864182
10.337168514266352
0.33403221421319135
0.942561658390491
10.499999999999995
5.411749205446794
10.436691587421333
0.09754891582612026
0.9952307315497992
10.599999999999994
5.428832633407997
10.535221565037764
0.17083427961203307
0.985299776164309
10.699999999999994
5.469122903080953
10.62674584689608
0.4029026967295523
0.9152428185831638
10.799999999999994
5.568495937202071
10.615565503003198
0.9937303412111816
-0.11180343892881105
10.899999999999993
5.584483578370415
10.714279206863768
0.1598764116834438
0.9871370386056973
10.999999999999993
5.619632022351194
10.8078985792486
0.3514844398077858
0.936193723848332
11.099999999999993
5.69129897370148
10.877639873215344
0.7166695135028582
0.6974129396674372
11.199999999999992
5.676761023533642
10.976577469734147
-0.14537950167838642
0.989375965188029
11.299999999999994
5.729059941804081
11.061811401637714
0.5229891827043955
0.8523393190356693
11.399999999999993
5.820073307006425
11.103242879460076
0.9101336520234362
0.4143147782236146
11.499999999999993
5.814113170967695
11.203065105333875
-0.059601360387292246
0.9982222587379947
11.599999999999993
5.795139505393023
11.301248607077603
-0.18973665574672163
0.981835017437273
11.699999999999994
5.869682305743542
11.367907221793953
0.745428003505182
0.6665861471634994
11.799999999999994
5.899949665553519
11.463216649082828
0.3026735980997729
0.953094272888751
11.899999999999993
5.917443058090069
11.561674666621077
0.1749339253654971
0.984580175382492
11.999999999999993
5.951940493136399
11.655535877859927
0.3449743504632954
0.9386121123885134
12.099999999999993
5.934946579275621
11.754081333826667
-0.16993913860777762
0.9854545596673885
12.199999999999994
5.933560825506043
11.854071731798122
-0.013857537695781326
0.9999039797145575
12.299999999999994
5.984077559560612
11.94037387302567
0.5051673405456955
0.8630214122754947
12.399999999999993
6.072126097528148
11.98778120327933
0.8804853796753564
0.47407330253658375
12.499999999999993
6.099558094487951
12.083945050658672
0.2743199695980297
0.9616384737934188
12.599999999999993
6.198098995484206
12.100965357085004
0.9854090099625504
0.1702030642633267
12.699999999999992
6.2977672395532265
12.109104222128614
0.9966824406902072
0.08138865043611103
12.799999999999992
6.308526281090859
12.208523752529796
0.10759041537632322
0.9941953040118174
12.899999999999991
6.2708011993632375
12.301134865300588
-0.3772508172762136
0.9261111277079165
12.999999999999991
6.257973126939994
12.400308654972578
-0.12828072423243334
0.9917378967198957
13.099999999999993
6.3252192885804215
12.474321854772544
0.6724616164042704
0.7401319979996513
13.199999999999994
6.303746017556919
12.571989140142575
-0.21473271023502316
0.9766728537003174
13.299999999999994
6.302391003105092
12.671979959400321
-0.013550144518269365
0.9999081925774655
13.399999999999993
6.385169206241483
12.728084942115856
0.8277820313639045
0.5610498271553498
13.499999999999993
6.470899474153684
12.77956621214392
0.8573026791220074
0.5148127002806249
13.599999999999993
6.570602441905484
12.78726804448977
0.9970296775179978
0.07701832345849621
13.699999999999992
6.584774333126733
12.886258738492858
0.14171891221248892
0.9899069400308844
13.799999999999992
6.639380436484155
12.970033278038704
0.546061033574215
0.837745395458465
13.899999999999991
6.715308914993696
13.035109127255032
0.7592847850954126
0.6507584921632702
13.999999999999993
6.809560023177029
13.068526616780934
0.9425110818333254
0.3341748952590163
14.099999999999993
6.824877657881361
13.167346503782817
0.15317634704332345
0.9881988700188152
14.199999999999994
6.879913130157776
13.250839598056007
0.5503547227641534
0.8349309427319076
14.299999999999994
6.925439321776166
13.339875354225795
0.45526191618389106
0.8903575616978674
14.399999999999993
6.874217817180466
13.425761077526893
-0.5122150459569907
0.8588572330109806
14.499999999999993
6.93670631111866
13.503832763337668
0.6248849393819339
0.7807168581077503
14.599999999999993
6.982536412768131
13.59271246733582
0.4583010164947182
0.888797039981518
14.699999999999994
6.969882176855814
13.69190858779159
-0.12654235912318063
0.9919612045576884
14.799999999999994
7.067480037485985
13.713695225907959
0.9759786063017135
0.21786638116369597
14.899999999999993
7.161787617434908
13.746953012427472
0.9430757994892293
0.33257786519513133
14.999999999999993
7.249486511473016
13.795004068445968
0.8769889403810811
0.4805105601849647
15.099999999999993
7.298134510257243
13.882373240436378
0.48647998784226704
0.8736917199041018
15.199999999999992
7.338040932413145
13.974065538208409
0.3990642215590259
0.9169229777203147
15.299999999999992
7.318897566693017
14.072216093728516
-0.19143365720128408
0.9815055552010602
15.399999999999993
7.335963521606332
14.170749099279432
0.17065954913315431
0.985330055509152
15.499999999999995
7.299906759712208
14.264022406938754
-0.36056761894124484
0.9327330765932133
15.599999999999994
7.330906008158307
14.35909630764645
0.30999248446098987
0.95073900707697
15.699999999999994
7.303947610202695
14.455393995986652
-0.2695839795561223
0.9629768834020287
15.799999999999994
7.320274404675797
14.554052172445743
0.1632679447310304
0.9865817645909056
15.899999999999995
7.411780775662177
14.594383104357899
0.9150637098638015
0.4033093191215602
15.999999999999995
7.508130115340572
14.621156313794522
0.9634933967839509
0.26773209436622325
16.099999999999994
7.597586782707132
14.665849765928685
0.894566673665594
0.44693452134163303
16.199999999999996
7.697557037521352
14.668288649357594
0.9997025481422058
0.024388834289087974
16.299999999999997
7.785880096880198
14.715182542195508
0.8832305935884556
0.4689389283791487
16.4
7.835866930306818
14.801792682964239
0.4998683342662021
0.8661014076873057
16.499999999999996
7.830532297792105
14.901650290065215
-0.05334632514713092
0.9985760710097636
16.599999999999994
7.8640596849458015
14.995862361004379
0.3352738715369708
0.942120709391642
16.699999999999996
7.837076727347597
15.0921531705308
-0.26982957598204454
0.9629080952642105
16.799999999999997
7.828992109135513
15.191825829511911
-0.08084618212084621
0.9967265898111092
16.9
7.787411865849279
15.282771326202278
-0.41580243286233554
0.9094549669036741
16.999999999999996
7.774504384348131
15.381934812028955
-0.12907481501147222
0.9916348582667686
17.099999999999998
7.76646963551472
15.481611503442666
-0.0803474883341192
0.9967669141371008
17.2
7.784188924865706
15.580029117643052
0.1771928935098588
0.9841761420038609
17.3
7.790002625910914
15.679859979004442
0.058137010452071806
0.9983086136138943
17.400000000000002
7.759795953833593
15.775188657596004
-0.3020667207732028
0.9532867859156151
17.500000000000004
7.7789707790913125
15.87333307198794
0.1917482525771949
0.9814441439193533
17.600000000000005
7.750175997433081
15.969097682096553
-0.2879478165823227
0.9576461010861335
17.700000000000006
7.747882113041349
16.069071369106673
-0.022938843917313607
0.9997368701011968
17.800000000000008
7.754609880955462
16.168844798129104
0.06727767914112799
0.9977342902242978
17.90000000000001
7.836528970391785
16.226196892998633
0.819190894363237
0.5735209486953025
18.000000000000007
7.799580537544878
16.319120589170048
-0.36948432846907214
0.9292369617141577
18.100000000000005
7.8867321021519485
16.368157358910107
0.871515646070707
0.4903676974005916
18.200000000000006
7.941118321343204
16.452074813364355
0.5438621919125525
0.8391745445424771
18.300000000000008
8.034391686789228
16.488131425772796
0.9327336544602405
0.36056612408439714
18.40000000000001
8.034705489486338
16.58813093341092
0.0031380269711054148
0.9999950763812434
18.500000000000007
8.0860021829587
16.673971770072747
0.5129669347236194
0.8584083666182745
18.600000000000005
8.119825828500636
16.76807788572021
0.3382364554193559
0.9410611564746205
18.700000000000006
8.163515389638563
16.85802910721039
0.4368956113792783
0.8995122149017916
18.800000000000004
8.25320755441306
16.902248057650947
0.8969216477449602
0.4421895044055946
18.900000000000002
8.245404333078417
17.00194314146556
-0.0780322133464271
0.9969508381461232
19.000000000000004
8.340582827328971
17.032619748712733
0.9517849425055397
0.30676607247172283
19.100000000000005
8.394380981175187
17.116915410776322
0.5379815384621539
0.8429566206358985
19.200000000000003
8.417509866528874
17.214203923265188
0.23128885353686954
0.9728851248886481
19.300000000000004
8.43678879072286
17.31232794214906
0.1927892419398594
0.9812401888387238
19.400000000000006
8.437122539727191
17.412327385205522
0.003337490043310889
0.9999944305645962
19.500000000000007
8.438426265067458
17.512318886345554
0.013037253402656287
0.9999150114003265
19.600000000000005
8.53273392192024
17.545576454791515
0.9430765685278292
0.33257568445960467
19.700000000000006
8.624503770543177
17.58530421440269
0.9176984862293693
0.39727759611174146
19.800000000000008
8.608369539064535
17.68399406481596
-0.16134231478641933
0.9868985041326994
19.900000000000006
8.70670959464773
17.70213885657266
0.9834005558319521
0.18144791756701903
20.000000000000007
8.728163532590825
17.799810390535907
0.21453937943095677
0.9767153396324746
20.100000000000005
8.799762644036676
17.869621329794484
0.7159911144585028
0.698109392585769
20.200000000000006
8.77073512991568
17.965315652635265
-0.29027514120994974
0.9569432284078003
20.300000000000008
8.71954011209514
18.05121716688475
-0.5119501782054003
0.8590151424948566
20.400000000000006
8.803103195549358
18.1061463129151
0.8356308345421691
0.549291460303506
20.500000000000007
8.759285209924634
18.196035044888532
-0.4381798562472333
0.8988873197343223
20.600000000000005
8.804051057276189
18.285455506254472
0.4476584735155412
0.8942046136593881
20.700000000000006
8.756527925984228
18.373441596019884
-0.47523131291959747
0.879860897654121
20.800000000000008
8.756775295232368
18.47344129006169
0.0024736924813965663
0.9999969404180732
20.900000000000006
8.706857017846792
18.560090961629772
-0.49918277385575227
0.8664967156808366
21.000000000000004
8.707747419494988
18.660086997475723
0.008904016481954097
0.9999603584595187
21.1
8.693620258503346
18.759084084919326
-0.14127160991640858
0.989970874436024
21.200000000000003
8.626649677502758
18.833346735561783
-0.6697058100058757
0.7426265064245781
21.3
8.546829835012659
18.893586197253068
-0.7981984249009988
0.6023946169128377
21.400000000000002
8.52617113787473
18.991429021377083
-0.2065869713792936
0.9784282412401694
21.5
8.432712227431516
19.027001933245067
-0.9345891044321354
0.35572911867984464
21.6
8.409474769409035
19.12426457018574
-0.23237458022479657
0.9726263694067468
21.7
8.416102822397361
19.224044672979755
0.06628052988325765
0.9978010279401373
21.8
8.463291371535153
19.312210657521813
0.4718854913779157
0.8816598454205699
21.900000000000002
8.483476887714492
19.41015219588309
0.20185516179339197
0.9794153836127772
22.0
8.430820061943228
19.49516548131363
-0.5265682577126409
0.8501328543054161
22.099999999999998
8.411024075621212
19.59318649398713
-0.19795986322016132
0.9802101267350053
22.199999999999996
8.372807018804476
19.68559567409531
-0.38217056816735073
0.9240918010818212
22.299999999999994
8.348617881139845
19.7826260075949
-0.24189137664631916
0.970303334995891
22.399999999999995
8.439073462957959
19.825261529380686
0.904555818181144
0.426355217857881
22.499999999999993
8.527318840229384
19.87230144211683
0.8824537727142446
0.4703991273614314
22.599999999999994
8.56834525231011
19.96349811701116
0.4102641208072537
0.9119667489433215
22.699999999999992
8.577625049873422
20.063066612817735
0.09279797563312057
0.9956849580657503
22.799999999999994
8.599760626623553
20.16058592496635
0.2213557675013099
0.9751931214861527
22.899999999999995
8.6271443251329
20.256763536997163
0.27383698509345883
0.9617761203081124
22.999999999999996
8.612280289477294
20.355652669079657
-0.14864035655605837
0.9888913208249366
23.099999999999998
8.664067145657869
20.441198689015902
0.5178685618057491
0.8554601993624514
23.2
8.737431359716982
20.509152291536214
0.7336421405911288
0.6795360252031281
23.3
8.748163180370815
20.608574763973053
0.10731820653833588
0.9942247243683869
23.400000000000002
8.691237912761384
20.69079102700899
-0.5692526760943206
0.82216263035938
23.500000000000004
8.685030633517847
20.79059818949943
-0.062072792435362505
0.9980716249043835
23.600000000000005
8.658506460733658
20.88701638414191
-0.2652417278418885
0.9641819464247656
23.700000000000006
8.685701134923242
20.98324761449735
0.27194674189583967
0.9623123035544321
23.800000000000004
8.643174513198646
21.073754445425703
-0.42526621724596275
0.9050683092835091
23.900000000000006
8.688577588858676
21.162853046540476
0.4540307566003009
0.8909860111477387
24.000000000000007
8.709648388249846
21.260607951343342
0.21070799391169218
0.9775490480286451
24.10000000000001
8.707921755354786
21.360593043926414
-0.017266328950607642
0.9998509258307307
24.200000000000006
8.7884149050811
21.419929818755666
0.8049314972631402
0.5933677482925065
24.300000000000008
8.87295780211293
21.473338606061365
0.8454289703183012
0.5340878730569876
24.40000000000001
8.892110539704525
21.571487333219427
0.19152737591594582
0.9814872715806109
24.50000000000001
8.91954200447683
21.66765133241063
0.27431464772303643
0.9616399919120391
24.600000000000012
8.983684831498167
21.744369633628207
0.641428270213377
0.7671830121757617
24.70000000000001
8.99283601966077
21.84395003207696
0.09151188162603
0.9958039844875414
24.80000000000001
8.957270615759288
21.937411799903835
-0.3556540390148106
0.9346176782687409
24.900000000000013
8.983266467805251
22.033973778323936
0.25995852045963164
0.9656197842010277
25.00000000000001
8.957154261719138
22.13050435738216
-0.26112206086113676
0.9653057905822552
25.10000000000001
8.977445936146593
22.228423956793772
0.20291674427454692
0.9791959941161004
25.20000000000001
8.997064322112221
22.326480669629273
0.19618385965627944
0.980567128354997
25.30000000000001
8.918439886407835
22.388272239524905
-0.7862443570438595
0.6179156989563286
25.400000000000013
8.966985008543368
22.47569861493214
0.48545122135532665
0.8742637540723175
25.500000000000014
8.943825201814846
22.572979771135678
-0.2315980672852221
0.9728115620353973
25.600000000000016
8.927211825770549
22.671590093802276
-0.1661337604429794
0.9861032266659889
25.700000000000014
8.882198393874734
22.760886179656925
-0.450134318958133
0.8929608585464975
25.80000000000001
8.792471745900201
22.805035116713828
-0.8972664797453266
0.4414893705690202
25.900000000000013
8.69600934694164
22.83139807533306
-0.9646239895856165
0.2636295861923101
26.00000000000001
8.610742705844277
22.88364364850413
-0.8526664109736256
0.5224557317106936
26.100000000000012
8.600137601135335
22.98307971718201
-0.10605104708941782
0.9943606867788157
26.200000000000014
8.63575768912672
23.076520657521275
0.3562008799138508
0.9344094033926448
26.30000000000001
8.652490038477689
23.175110862334922
0.16732349350969256
0.9859020481364829
26.40000000000001
8.660912236469771
23.274755564055496
0.08422197992081816
0.9964470172057405
26.50000000000001
8.680393100658694
23.3728396908572
0.19480864188922734
0.98084126801704
26.600000000000012
8.663078611742025
23.471329327233597
-0.17314488916669976
0.9848963637639502
26.700000000000014
8.621515440975422
23.5622826275356
-0.41563170766603225
0.9095330030200212
26.80000000000001
8.560347346441223
23.64139308329876
-0.6116809453419934
0.7911045576316227
26.90000000000001
8.56449542974301
23.741307013283127
0.04148083301786774
0.9991392998436924
27.000000000000007
8.537372392240613
23.837558459176908
-0.27123037502397346
0.9625144589378151
27.100000000000005
8.462384581321698
23.903716060505772
-0.7498781091891409
0.6615760132886612
27.200000000000003
8.498861849648499
23.996825721097004
0.3647726832680081
0.9310966059123281
27.3
8.517177043924114
24.095134182882582
0.18315194275615576
0.9830846178557804
27.400000000000002
8.512161382366777
24.195008319370174
-0.05015661557337221
0.9987413648759247
27.500000000000004
8.509498529021615
24.294972859143346
-0.026628533451631773
0.9996453977317233
27.6
8.455206881118556
24.37895152886352
-0.5429164790305862
0.8397866972017544
27.7
8.503727451996514
24.466391532304034
0.48520570877958114
0.8744000344051367
27.799999999999997
8.520556783674536
24.56496522856866
0.16829331678022214
0.9857369626462792
27.899999999999995
8.61302324791512
24.603043476832532
0.9246646424058296
0.3807824826387099
27.999999999999996
8.709160971882195
24.630566885604534
0.9613772396707446
0.27523408771999835
28.099999999999998
8.762597311135098
24.71509237079834
0.5343633925290245
0.8452548519380836
28.2
8.738676002275529
24.812189080229945
-0.2392130885956829
0.9709670943160298
28.3
8.758414387744047
24.910221708161142
0.19738385468517108
0.9803262793119562
28.400000000000002
8.765370208285704
25.009979497634408
0.06955820541656668
0.9975778947326503
28.500000000000004
8.863817358886358
25.027533942616014
0.9844715060065361
0.17554444981605832
28.600000000000005
8.94750591475807
25.082271732269117
0.8368855587171093
0.5473778965310453
28.700000000000006
8.975307836499386
25.17832928349488
0.27801921741316066
0.960575512257612
28.800000000000008
8.977903720772352
25.278295584741056
0.025958842729656914
0.999663012461768
28.90000000000001
8.970663793554627
25.37803315767063
-0.07239927217724167
0.9973757292957383
29.000000000000007
8.999207181721832
25.473872997987357
0.2854338816720542
0.9583984031672965
29.100000000000005
8.997377632939175
25.573856260342872
-0.01829548782657558
0.9998326235551567
29.200000000000003
8.98902825929887
25.673507090544202
-0.08349373640305421
0.9965083020133135
29.3
8.958207767677868
25.768639089872714
-0.30820491621001694
0.9513199932851071
29.400000000000002
8.954450708646757
25.868568487486414
-0.03757059031110208
0.99929397613699
29.500000000000004
8.987751493236225
25.962860893043413
0.3330078458946831
0.9429240555700035
29.6
8.961402954719732
26.059327231825627
-0.2634853851649153
0.9646633878221441
29.700000000000003
8.979294850842685
26.15771361326699
0.17891896122953216
0.9838638144136338
29.8
8.991852110153165
26.25692205665065
0.12557259310480695
0.9920844338366239
29.900000000000002
8.978209775975916
26.35598711970618
-0.13642334177248763
0.9906506305553069
30.0
8.995251814442007
26.454524264605556
0.17042038466089962
0.9853714489937442
30.1
8.971973701272498
26.55177717945785
-0.23278113169508186
0.9725291485229411
30.200000000000003
8.95359253628457
26.650073327773473
-0.18381164987928916
0.9829614831562087
30.300000000000004
8.981057014201548
26.746227903601916
0.27464477916978697
0.9615457582844297
30.400000000000006
8.997049006445538
26.8449409026652
0.15991992243990094
0.9871299906328528
30.500000000000004
8.99744213510916
26.944940129911483
0.003931286636226898
0.9999922724628346
30.6
8.99909272435845
27.044926506759182
0.01650589249288447
0.9998637684769928
30.700000000000003
8.93092892845968
27.118095468270678
-0.6816379589876962
0.7316896151149664
30.8
8.918907488741231
27.21737026359706
-0.12021439718448866
0.9927479532638533
30.9
8.934675981894218
27.316119211053145
0.15768493152985616
0.9874894745608302
31.0
8.986614380688614
27.40157330826723
0.5193839879439609
0.854540972140849
31.1
8.976386520004263
27.501048887510688
-0.10227860684351288
0.9947557924345805
31.2
8.930980682070219
27.590146080965404
-0.45405837934044135
0.8909719345471729
31.299999999999997
8.90037700929196
27.685348051598798
-0.30603672778258995
0.952019706333921
31.4
8.870463364540186
27.780769086269697
-0.2991364475177482
0.9542103467089746
31.5
8.940440426882356
27.85220584673628
0.6997706234216965
0.7143676046658404
31.599999999999998
8.904237971429119
27.945422702610934
-0.36202455453237614
0.9321685587465576
31.699999999999996
8.925739662703613
28.04308373512819
0.21501691274494747
0.9766103251725489
31.799999999999997
8.997691723021106
28.112530844614962
0.7195206031749274
0.6944710948677335
31.9
8.982356476827803
28.211348000130545
-0.15335246193301996
0.988171555155825
32.0
8.996479282828233
28.31034570894582
0.14122806000429564
0.9899770881527629
32.1
8.974978605112216
28.40800696460922
-0.21500677716015923
0.9766125566340018
32.2
8.98268579924775
28.507709518029667
0.0770719413553391
0.9970255342044753
32.300000000000004
8.982744001680603
28.60770950109205
0.0005820243285233691
0.9999998306238261
32.400000000000006
8.98630950157596
28.707645916929803
0.035654998953568266
0.9993641583775261
32.50000000000001
8.996134423460987
28.80716210109074
0.09824921885027646
0.9951618416093487
32.60000000000001
8.93753726867813
28.888195263754884
-0.5859715478285783
0.810331626641451
32.70000000000001
8.875365868537775
28.966519698030453
-0.6217140014035394
0.7832443427556944
32.80000000000001
8.952151597177924
29.030581791948787
0.767857286401475
0.6406209391833543
32.90000000000001
8.909434243996303
29.120998757929495
-0.4271735318162091
0.9041696598070885
33.000000000000014
8.962528152384259
29.20573975681487
0.5309390838795498
0.8474099888537687
33.100000000000016
8.986342770462004
29.302862689049288
0.2381461807774479
0.9712293223441698
33.20000000000002
8.984185804983355
29.402839423842558
-0.021569654786491064
0.9997673479327036
33.30000000000002
8.894905053895616
29.447883263434772
-0.8928075108773867
0.45043839592215607
33.40000000000002
8.872435840605164
29.545326243962403
-0.22469213290453033
0.9744298052763025
33.50000000000002
8.822759553538008
29.632114875148876
-0.49676287067156144
0.867886311864722
33.60000000000002
8.884901282736447
29.710462852099322
0.6214172919843882
0.7834797695044777
33.700000000000024
8.875244548327979
29.80999549740007
-0.09656734408467786
0.99532645300747
33.800000000000026
8.881349234373165
29.909808987511827
0.06104686045185857
0.998134901117565
33.90000000000003
8.874349130720056
30.009563679375646
-0.07000103653109303
0.9975469186382024
34.00000000000003
8.899149093887521
30.10643969202528
0.24799963167466296
0.9687601264963539
34.10000000000003
8.868583488819779
30.20165389152747
-0.3056560506774247
0.9521419950218978
34.20000000000003
8.928515620760693
30.281704747619187
0.5993213194091529
0.8005085609171662
34.30000000000003
8.957674756645952
30.37735904597752
0.2915913588525863
0.9565429835833318
34.400000000000034
8.989204503566862
30.47225833501123
0.31529746920909196
0.9489928903370888
34.500000000000036
8.99528341736883
30.57207339803775
0.0607891380196728
0.9981506302652046
34.60000000000004
8.92277741831319
30.640941969250925
-0.7250599905563877
0.6886857121317177
34.70000000000004
8.860001314969633
30.718782581074056
-0.6277610334355666
0.7784061182312927
34.80000000000004
8.76059790682059
30.72968957187606
-0.9940340814904182
0.10906990802004463
34.90000000000004
8.671828825035492
30.775733573863622
-0.8876908178509841
0.46044001987560845
35.00000000000004
8.582719920033295
30.821116423590247
-0.8910890500219703
0.45382849726624974
35.100000000000044
8.496613224568259
30.8719655828369
-0.8610669546503598
0.5084915924665373
35.200000000000045
8.451355307530656
30.961138005398013
-0.45257917037602813
0.8917242256111169
35.30000000000005
8.396887924227283
31.04500280228016
-0.5446738330337332
0.8386479688214484
35.40000000000005
8.327638080108573
31.117144739387047
-0.6924984411871019
0.7214193710688908
35.50000000000005
8.263707586254814
31.194040070556206
-0.6393049385375884
0.7689533116915814
35.60000000000005
8.167122724942363
31.2199507742374
-0.9658486131245088
0.25910703681193736
35.70000000000005
8.169820924182629
31.31991436621398
0.026981992402655256
0.999635919765783
35.800000000000054
8.086261063334646
31.37484841444516
-0.8355986084798235
0.5493404823118196
35.900000000000055
8.059772705838832
31.47127645454333
-0.26488357495814513
0.9642804009816817
36.00000000000006
8.06270272578506
31.57123352024213
0.029300199462294764
0.9995706569880239
36.10000000000006
8.054806486701796
31.670921279813406
-0.07896239083263491
0.9968775957127305
36.20000000000006
8.066703744991566
31.770211033792286
0.11897258289769662
0.9928975397887995
36.30000000000006
8.107570287343103
31.861479460513852
0.4086654235153658
0.9126842672156711
36.40000000000006
8.159598710777496
31.946878776406496
0.5202842343439414
0.8539931589264276
36.500000000000064
8.146554236007233
32.04602433444097
-0.13044474770263667
0.9914555803447753
36.600000000000065
8.092084108807287
32.129887349190156
-0.5447012719994745
0.8386301474918217
36.70000000000007
8.125558356352244
32.22411831411835
0.3347424754495747
0.9423096492819603
36.80000000000006
8.20518197129298
32.28461690867863
0.796236149407372
0.6049859456028058
36.90000000000006
8.179728539259932
32.38132328281053
-0.25453432033047435
0.967063741319001
37.000000000000064
8.135162105133235
32.47084329704886
-0.44566434126696497
0.8952001423833008
37.100000000000065
8.150233328276562
32.56970106474045
0.15071223143326415
0.9885776769158842
37.20000000000007
8.215228522221198
32.64569859604311
0.6499519394463622
0.7599753130266222
37.30000000000007
8.298913478591745
32.70044188857525
0.8368495637054776
0.5474329253214055
37.40000000000006
8.30155757577888
32.80040692621374
0.026440971871348168
0.9996503763849133
37.500000000000064
8.37250158180829
32.8708835039435
0.7094400602941037
0.7047657772976058
37.600000000000065
8.463275920587826
32.91283608931244
0.9077433877953589
0.4195258536893818
37.70000000000007
8.442927193522335
33.01074384848818
-0.2034872706549068
0.9790775917573729
37.80000000000007
8.470640253457013
33.10682707443869
0.2771305993467746
0.9608322595051113
37.90000000000006
8.515633844380337
33.19613315920241
0.44993590923324805
0.8930608476371866
38.000000000000064
8.525648925312554
33.29563038606789
0.10015080932216498
0.994972268654818
38.100000000000065
8.582644114194613
33.37779819268519
0.5699518888205983
0.8216780661730191
38.20000000000006
8.568211844068228
33.47675126024249
-0.14432270126383712
0.9895306755729755
38.30000000000006
8.625860733327082
33.55846175875535
0.5764888925885363
0.8171049851286205
38.40000000000006
8.68437735475954
33.639553096246665
0.5851662143245804
0.8109133749131526
38.500000000000064
8.726071501612367
33.730446429985804
0.4169414685282604
0.908933337391416
38.60000000000006
8.791415111564136
33.80614459798524
0.6534360995176972
0.7569816799943695
38.70000000000005
8.868935160894148
33.86931612600121
0.775200493300115
0.631715280159708
38.800000000000054
8.941031851990907
33.938613074944854
0.7209669109675951
0.6929694894364712
38.900000000000055
8.975231135441009
34.03258333093844
0.3419928345010162
0.9397025599358344
39.00000000000006
8.926669318852504
34.120000434354324
-0.48561816588503853
0.8741710341589061
39.10000000000005
8.930757560031353
34.21991683082689
0.04088241178847884
0.9991639647256886
39.200000000000045
8.887067894459886
34.30986800159333
-0.43689665571467695
0.8995117076644032
39.30000000000005
8.843096507392234
34.399681792958276
-0.4397138706765221
0.8981379136494968
39.40000000000004
8.81433057492463
34.495455072787614
-0.28765932467603705
0.9577327982934105
39.500000000000036
8.789159487018479
34.59223532042948
-0.2517108790615128
0.9678024764186547
39.60000000000004
8.82547940488988
34.68540647243381
0.36319917871400803
0.9317115200433395
39.70000000000003
8.842996190525707
34.783860330768505
0.17516785635827786
0.9845385833469634
39.800000000000026
8.930310017835946
34.83260759284995
0.8731382731023906
0.48747262081451836
39.90000000000003
8.967312296269332
34.92550986080256
0.37002278433385594
0.9290226795260818
40.00000000000003
9.009602711698657
35.016127302627055
0.4229041542932504
0.9061744182449153
40.10000000000003
9.086525696082216
35.08002452066921
0.7692298438355964
0.6389721804215455
40.20000000000003
9.139749860529273
35.164683768946716
0.5322416444705775
0.8465924827750689
40.300000000000026
9.23949462570389
35.15754361346798
0.9974476517461668
-0.07140155478739715
40.40000000000003
9.320005053170988
35.21685694307495
0.8051042746709868
0.5931332960696983
40.50000000000003
9.381252642874994
35.29590586941459
0.612475897040068
0.7904892633963878
40.60000000000003
9.453325124078836
35.365227997578124
0.7207248120384188
0.6932212816353709
40.70000000000003
9.552365137837063
35.35140498507107
0.9904001375822765
-0.13823012507050647
40.80000000000003
9.582918947767913
35.44662297023516
0.3055380993085038
0.9521798516409318
40.90000000000003
9.673637237654884
35.488696618519846
0.9071828988697053
0.4207364828468745
41.00000000000003
9.767978321330556
35.455533989991636
0.9434108367567174
-0.33162628528207766
41.10000000000003
9.863030237716368
35.4244673971404
0.9505191638581181
-0.31066592851238767
41.20000000000003
9.961000283698976
35.404420699403225
0.9797004598260819
-0.20046697737174482
41.30000000000003
10.060651994110074
35.396081837841685
0.9965171041109848
-0.08338861561542257
41.400000000000034
10.159203173401856
35.37912114622256
0.985511792917822
-0.16960691619123303
41.500000000000036
10.256543559955324
35.35621155989671
0.9734038655346715
-0.2290958632585038
41.60000000000004
10.346353337311527
35.400191144833684
0.89809777356204
0.4397958493698033
41.70000000000004
10.442873690821076
35.37404116666176
0.9652035350954806
-0.2614997817191964
41.80000000000004
10.541232770012883
35.35599978255355
0.9835907919180645
-0.18041384108209244
41.90000000000004
10.621304820385662
35.29609597007806
0.8007205037277999
-0.599038124754926
42.000000000000036
10.71794324269982
35.27038575163032
0.9663842231415676
-0.2571021844774349
42.10000000000004
10.809541823828393
35.23026468565206
0.9159858112857353
-0.4012106597826302
42.20000000000004
10.909529742175295
35.231819093788154
0.9998791834690053
0.015544081360927539
42.30000000000004
11.008242372146208
35.21582482343201
0.9871262997091419
-0.1599427035614236
42.40000000000004
11.098459250866652
35.17268650179172
0.9021687872044297
-0.4313832164028736
42.50000000000004
11.179463844426117
35.114049859474264
0.8100459355946449
-0.586366423174619
42.600000000000044
11.275409828101479
35.085865320865885
0.959459836753622
-0.2818453860837769
42.700000000000045
11.34520282413134
35.014248718704266
0.6979299602986163
-0.7161660216161977
42.80000000000005
11.445040199063298
35.00854796728926
0.9983737493195783
-0.057007514150047164
42.90000000000005
11.54347039141509
35.02619725151241
0.9843019235179165
0.1764928422314337
43.00000000000005
11.64133795960877
35.04673840765941
0.9786756819367954
0.2054115614700117
43.10000000000005
11.738184694185978
35.02182435536494
0.9684673457720909
-0.24914052294470557
43.20000000000005
11.835872351515263
35.043204757735246
0.9768765732928556
0.21380402370303514
43.300000000000054
11.935745071413047
35.04824854799841
0.9987271989778392
0.050437902631647095
43.400000000000055
12.03159423770599
35.019736492286
0.9584916629294313
-0.2851205571241282
43.50000000000006
12.130086788237234
35.00243858808201
0.9849255053124323
-0.17297904203992454
43.60000000000006
12.230062255978925
35.004653503391935
0.9997546774169073
0.022149153099288235
43.70000000000006
12.319156956094911
35.05006423352527
0.8909470011598608
0.4541073013333424
43.80000000000006
12.419102840963868
35.046774841824494
0.9994588486895731
-0.032893917007752994
43.90000000000006
12.511296919703565
35.00804175718954
0.9219407873969605
-0.38733084634956766
44.000000000000064
12.606388835676734
35.03898569870564
0.9509191597316852
0.3094394151610067
44.100000000000065
12.703343778256645
35.01449612726541
0.9695494257991096
-0.2448957144023076
44.20000000000007
12.733050313403325
35.10998184226812
0.2970653514668054
0.9548571500271145
44.30000000000007
12.814963089401623
35.1673429539053
0.8191277599829839
0.5736111163717619
44.40000000000007
12.891276978367939
35.231966404376756
0.7631388896631635
0.6462345047145611
44.50000000000007
12.988945346458626
35.210498058504236
0.9766836809068667
-0.21468345872519762
44.60000000000007
13.082235352619017
35.17448452284618
0.9329000616039117
-0.360135356580575
44.700000000000074
13.182205034340088
35.172022260352456
0.9996968172106981
-0.024622624937235833
44.800000000000075
13.27103468277305
35.21794930640678
0.8882964843296292
0.4592704605432629
44.90000000000008
13.352736600277685
35.16028825650248
0.8170191750463437
-0.5766104990429779
45.00000000000008
13.444585842186685
35.120744397804295
0.9184924190899875
-0.395438586981876
45.10000000000008
13.528334170363179
35.06609810307499
0.8374832817649474
-0.5464629472930563
45.200000000000074
13.622037347170403
35.03117368960484
0.9370317680722436
-0.34924413470150795
45.300000000000075
13.71800346455927
35.00305778105993
0.9596611738886793
-0.28115908544914925
45.40000000000008
13.773809672773876
35.08603770106898
0.5580620821460571
0.8297992000904842
45.50000000000008
13.846478845978817
35.15473407117476
0.7266917320494164
0.6869637010577919
45.60000000000007
13.922793134337596
35.09011109234916
0.7631428835877786
-0.6462297882559503
45.700000000000074
14.005635251077301
35.034100524649084
0.8284211673970451
-0.5601056770007933
45.800000000000075
14.04898398048453
34.943984556814414
0.4334872940722957
-0.901159678346673
45.90000000000008
14.148791750731457
34.95018205617599
0.9980777024692626
0.06197499361579727
46.00000000000008
14.229735432355653
34.89146135790766
0.809436816241965
-0.5872069826833393
46.10000000000008
14.31590686059697
34.84072197522663
0.8617142824131593
-0.5073938268102735
46.20000000000008
14.41544780319059
34.831151147280536
0.9954094259361972
-0.09570827946092272
46.30000000000008
14.515336061317273
34.826425061329445
0.9988825812668339
-0.04726085951087827
46.400000000000084
14.590917038165825
34.760945935353156
0.7558097684855299
-0.6547912597628726
46.500000000000085
14.68438780983294
34.72540420151877
0.9347077166711418
-0.35541733834384104
46.60000000000009
14.774701190570893
34.68246828112941
0.9031338073795381
-0.4293592038935922
46.70000000000009
14.78132168404811
34.5826876764704
0.06620493477218842
-0.9978060465901226
46.80000000000008
14.869161807791148
34.53489528522652
0.8784012374303729
-0.477923912438779
46.900000000000084
14.959286911484279
34.49156555312139
0.901251036931315
-0.4332973210512954
47.000000000000085
15.052883601033813
34.4563567515887
0.9359668954953295
-0.35208801532689943
47.10000000000009
15.151640972447158
34.44064110360567
0.9875737141334581
-0.15715647983028616
47.20000000000009
15.248556606012396
34.465285777891374
0.9691563356523946
0.24644674285699783
47.30000000000009
15.347223875222472
34.44901402363357
0.9866726921007615
-0.16271754257803875
47.40000000000009
15.409061862835177
34.370426090157686
0.6183798761270474
-0.7858793347589039
47.50000000000009
15.419871763851072
34.27101207685963
0.10809901015895171
-0.9941401329805849
47.600000000000094
15.5002519729725
34.21152239723706
0.8038020912142826
-0.5948967962256531
47.700000000000095
15.546443030253407
34.1228297468805
0.46191057280907544
-0.8869265035656515
47.8000000000001
15.645540154320486
34.10942228620989
0.9909712406707913
-0.13407460670608906
47.9000000000001
15.740231428601957
34.07727321818373
0.9469127428147167
-0.3214906802616679
48.0000000000001
15.726486997248703
33.97822226863363
-0.1374443135325495
-0.99050949550096
48.1000000000001
15.71115734659628
33.87940424491895
-0.15329650652421933
-0.9881802371467818
48.2000000000001
15.781139472237932
33.807972444642914
0.6998212564165165
-0.714318002760401
48.300000000000104
15.87306401658423
33.7686039528414
0.9192454434629823
-0.39368491801508565
48.400000000000105
15.905228634492307
33.67391795939555
0.3216461790807707
-0.9468599344584926
48.50000000000011
16.00471410046022
33.66378671755917
0.9948546596791298
-0.10131241836380714
48.60000000000011
16.1043529069331
33.655295060202704
0.9963880647288167
-0.08491657356466568
48.70000000000011
16.201995721902502
33.63371079081847
0.9764281496940195
-0.21584269384232907
48.80000000000011
16.294927923294395
33.59678375540461
0.9293220139189318
-0.36927035413861825
48.90000000000011
16.39417948621411
33.58457198821088
0.9925156291971504
-0.12211767193729395
49.000000000000114
16.46106412555318
33.51023192485012
0.6688463933906948
-0.7434006336076531
49.100000000000115
16.5564915036233
33.48033852232276
0.9542737807011857
-0.29893402527357976
49.20000000000012
16.625602049710977
33.408063129418515
0.6911054608767886
-0.7227539290424381
49.30000000000012
16.719183281279413
33.37281326277856
0.9358123156843678
-0.35249866639954996
49.40000000000012
16.799403981681834
33.313108663065094
0.8022070040242062
-0.5970459971346487
49.50000000000012
16.822642578697526
33.21584629825351
0.23238597015691856
-0.9726236481158721
49.600000000000115
16.852965397435575
33.12055450079025
0.3032281873804822
-0.9529179746326266
49.70000000000012
16.922786669130073
33.04896546518449
0.6982127169449702
-0.7158903560576318
49.80000000000012
17.01579973014571
33.01224257749164
0.9301306101563586
-0.36722887692849016
49.90000000000012
17.110272127250912
32.9794559005451
0.9447239710520343
-0.3278667694653959
50.00000000000012
17.174440891151132
32.90275929214865
0.6416876390021948
-0.7669660839644663
50.10000000000012
17.22827019962972
32.818483521320275
0.5382930847858626
-0.8427577082837748
50.200000000000124
17.214702245603164
32.71940824376057
-0.13567954026555848
-0.9907527755970844
50.30000000000012
17.22040512733902
32.61957099049353
0.057028817358584505
-0.9983725326703862
50.40000000000012
17.238358955667902
32.52119589177268
0.179538283288806
-0.9837509872085052
50.50000000000012
17.276080058203984
32.428583158180246
0.3772110253608393
-0.9261273359242909
50.60000000000012
17.31060416148072
32.33473175279419
0.3452410327673328
-0.9385140538605404
50.700000000000124
17.229198935370544
32.276652589904636
-0.8140522611017516
-0.5807916288955323
50.800000000000125
17.2448822675875
32.1778900813775
0.15683332216953946
-0.9876250852713621
50.90000000000013
17.26833011006513
32.080677948990925
0.23447842477628952
-0.9721213238657148
51.00000000000013
17.26039102952197
31.980993592143278
-0.07939080543160167
-0.9968435684764794
51.10000000000013
17.261602736037155
31.881000933576157
0.012117065151859069
-0.999926585671221
51.20000000000013
17.21794766675712
31.791032967465128
-0.43655069280034486
-0.8996796611102971
51.30000000000013
17.217336710809743
31.691034833818392
-0.006109559473766663
-0.9999813364673545
51.400000000000134
17.16364939298251
31.606668537796118
-0.5368731782723208
-0.8436629602227282
51.500000000000135
17.063661254814185
31.60820874090993
-0.9998813816832578
0.015402031138112992
51.600000000000136
16.985471520797628
31.545868019912977
-0.7818973401655805
-0.6234072099695276
51.70000000000014
16.975025612703064
31.446415101383252
-0.1044590809456328
-0.9945291852972409
51.80000000000014
16.97533567718471
31.346415582084322
0.003100644816466186
-0.9999951929893073
51.90000000000014
16.968562174159256
31.24664524753159
-0.06773503025453488
-0.9977033455273253
52.00000000000014
16.99613620481377
31.150522030599028
0.2757403065451302
-0.9612321693255993
52.10000000000014
16.948915143304383
31.06237345517136
-0.47221061509385176
-0.8814857542766565
52.200000000000145
16.91557226698288
30.968095925512333
-0.3334287632150072
-0.9427752965902907
52.300000000000146
16.984371481576073
30.895524112310788
0.687992145931913
-0.725718132015455
52.40000000000015
17.009028305326467
30.79861156904346
0.24656823750395698
-0.9691254326732904
52.50000000000015
17.007412845783684
30.698624618442565
-0.01615459542784448
-0.9998695060089405
52.60000000000015
17.0117161158017
30.598717252011696
0.04303270018016242
-0.9990736643086956
52.70000000000015
17.011773239104464
30.498717268327056
0.0005712330276451883
-0.9999998368464008
52.80000000000015
17.026109085341712
30.399750185351646
0.14335846237248775
-0.9896708297541138
52.900000000000155
17.018456730948795
30.3000434078877
-0.07652354392916401
-0.9970677746394783
53.000000000000156
17.038682756928075
30.20211022723331
0.20226025979281648
-0.9793318065439018
53.10000000000016
17.040787430759636
30.102132377946266
0.021046738315598053
-0.9997784928704332
53.20000000000016
17.073850108141432
30.00775621906942
0.3306267738179503
-0.943761588768442
53.30000000000016
17.091615692755813
29.909346951196373
0.17765584614382476
-0.9840926787304749
53.40000000000016
17.08895025545369
29.80938248028801
-0.026654373021220805
-0.999644709083605
53.50000000000016
17.109467019529887
29.711509795682748
0.20516764076197433
-0.9787268460526488
53.600000000000165
17.172115586980738
29.63356650221656
0.6264856745084975
-0.7794329346618816
53.700000000000166
17.14997257105495
29.536048878959477
-0.2214301592578888
-0.9751762325708241
53.80000000000017
17.170307489171314
29.43813825080706
0.2033491811636533
-0.9791062815241621
53.90000000000017
17.085703564413695
29.38482618917363
-0.8460392475762101
-0.5331206163343156
54.00000000000017
17.105644773741844
29.286834617237414
0.19941209328148646
-0.9799157193621786
54.10000000000017
17.180958848897177
29.22104867585556
0.7531407515533319
-0.6578594138185471
54.20000000000017
17.189079025109187
29.12137890742859
0.08120176212008713
-0.9966976842697051
54.300000000000175
17.18619334293739
29.021420551907884
-0.028856821717963686
-0.999583555207036
54.400000000000176
17.14889671047292
28.928636063943515
-0.3729663246447172
-0.9278448796436888
54.50000000000018
17.15097122200561
28.82865758424963
0.02074511532688868
-0.9997847969388582
54.60000000000018
17.17868353520186
28.732574142922246
0.2771231319624963
-0.9608344132738466
54.70000000000018
17.274869079427102
28.70521831937233
0.9618554422524136
-0.27355823549916
54.80000000000018
17.305316316248653
28.60996620249332
0.30447236821550067
-0.952521168790093
54.90000000000018
17.29899703993192
28.510166068491245
-0.06319276316735237
-0.998001340020781
55.000000000000185
17.317092952908713
28.411817006810228
0.18095912976793352
-0.9834906168101617
55.100000000000186
17.378096109520907
28.332579295565214
0.6100315661219522
-0.7923771124501253
55.20000000000019
17.444339490416183
28.257667250555325
0.6624338089527587
-0.7491204500988742
55.30000000000019
17.51305087222467
28.18501227130429
0.6871138180848881
-0.7265497925103325
55.40000000000019
17.58679254066738
28.117468460815946
0.7374166844270799
-0.6754381048834692
55.50000000000019
17.593289317436497
28.01767972451965
0.06496776769120101
-0.997887362962986
55.60000000000019
17.6631186976966
27.946098598149007
0.6982938026010367
-0.7158112637064218
55.700000000000195
17.73887824176326
27.88082615769508
0.7575954406666118
-0.6527244045392836
55.800000000000196
17.79760948439234
27.79989012653933
0.5873124262908029
-0.8093603115574733
55.9000000000002
17.853651201189876
27.71706907862043
0.5604171679753608
-0.828210479189002
56.0000000000002
17.90640516720647
27.63211603824211
0.5275396601659171
-0.8495304037831893
56.1000000000002
17.985351843704784
27.570736707275813
0.7894667649831679
-0.613793309662961
56.2000000000002
17.996314540282114
27.471339427213664
0.10962696577331191
-0.9939728006214944
56.3000000000002
18.075564611184042
27.410352328069344
0.7925007090192846
-0.609870991443216
56.400000000000205
18.140618888496668
27.334405366291193
0.6505427731262784
-0.7594696177814961
56.500000000000206
18.218285986815147
27.27141471747101
0.7766709831847853
-0.6299064882018434
56.60000000000021
18.23023812057598
27.172131554253056
0.11952133760833447
-0.9928316321795526
56.70000000000021
18.298254757111458
27.09882577580142
0.6801663653547995
-0.7330577845163652
56.80000000000021
18.388103353384537
27.054925550884484
0.898485962730782
-0.43900224916934083
56.90000000000021
18.464259087865695
26.99011579771696
0.7615573448115922
-0.6480975316752238
57.00000000000021
18.513082234934938
26.90284438022959
0.4882314706924099
-0.872714174873725
57.100000000000215
18.604626883871497
26.862600408617904
0.915446489365592
-0.402439716116853
57.200000000000216
18.68700201745073
26.805905282127146
0.8237513357923442
-0.5669512649076007
57.30000000000022
18.745834619788774
26.725042899636065
0.5883260233804377
-0.808623824910793
57.40000000000022
18.791760812705597
26.636212810115865
0.4592619291682219
-0.8883008952020047
57.50000000000022
18.870469909546955
26.574529116367696
0.7870909684135651
-0.6168369374816948
57.60000000000022
18.948544729966763
26.512044538939225
0.7807482041980829
-0.6248457742847179
57.70000000000022
19.040264346798008
26.472200946125202
0.9171961683124462
-0.3984359281402303
57.800000000000225
19.105580707949166
26.396479265174687
0.6531636115115662
-0.757216809505156
57.900000000000226
19.200230259365778
26.364207568339317
0.9464955141661222
-0.322716968353708
58.00000000000023
19.255787849706074
26.281060985994763
0.5555759034029512
-0.831465823445555
58.10000000000023
19.302701351181774
26.192748340358424
0.46913501475701747
-0.8831264563633754
58.20000000000023
19.383285906607533
26.133535762076164
0.8058455542576
-0.592125782822587
58.30000000000023
19.459317490921908
26.06858040674155
0.7603158431437532
-0.6495535533461453
58.40000000000023
19.556140546351084
26.04357448869484
0.9682305542917569
-0.25005918046709874
58.500000000000234
19.607018358539694
25.957484720273147
0.5087781218860863
-0.8608976842169264
58.600000000000236
19.676624050213746
25.885686059515603
0.6960569167405091
-0.7179866075754451
58.70000000000024
19.76317475786358
25.835596389868932
0.8655070764983636
-0.5008966964667024
58.80000000000024
19.845367528032696
25.7786372068347
0.8219277016911346
-0.5695918303423332
58.90000000000024
19.89493524578026
25.691786522569704
0.4956771774756243
-0.8685068426499577
59.00000000000024
19.867055033263078
25.595751665616632
-0.2788021251718066
-0.9603485695307118
59.10000000000024
19.847725588479594
25.497637586278536
-0.19329444783482613
-0.981140793380965
59.200000000000244
19.904169725505785
25.4150902701782
0.564441370261892
-0.8254731610033592
59.300000000000246
19.93713092743123
25.32067862276312
0.32961201925445593
-0.9441164741508329
59.40000000000025
19.984444888132842
25.232579876332046
0.4731396070161159
-0.880987464310722
59.50000000000025
19.941198232003153
25.142414879057046
-0.43246656129688316
-0.9016499727499853
59.60000000000025
19.91444322047358
25.046060484460575
-0.26755011529572825
-0.9635439459647093
59.70000000000025
19.974223939725896
24.9658964925086
0.5978071925231457
-0.8016399195197271
59.80000000000025
19.938946899290222
24.872325501180626
-0.35277040435674156
-0.9357099132797414
59.900000000000254
19.990977064929613
24.786927246728105
0.5203016563938924
-0.8539825445252215
60.000000000000256
19.95170400516335
24.69496189033454
-0.3927305976626142
-0.9196535639356626
60.10000000000026
19.950043180957234
24.59497568297094
-0.016608242061156537
-0.9998620736359781
60.20000000000026
19.94800443746788
24.494996467506002
-0.020387434893526176
-0.9997921546493862
60.30000000000026
19.984778401878856
24.402003588523254
0.36773964410975235
-0.9299287898274967
60.40000000000026
19.938435379393148
24.313390247163788
-0.46343022485706836
-0.8861334135946612
60.50000000000026
19.86960997115443
24.240843274926668
-0.688254082387198
-0.7254697223712069
60.600000000000264
19.910154961176506
24.149431548194755
0.4054499002207787
-0.9141172673191118
60.700000000000266
19.96029035351003
24.06290731785687
0.5013539233352476
-0.8652423033788598
60.80000000000027
19.926417079512447
23.968819054461882
-0.33873273997582337
-0.9408826339498839
60.90000000000027
19.86742277725583
23.888074566716558
-0.5899430225661794
-0.8074448774532416
61.00000000000027
19.837014013284925
23.79281016059464
-0.3040876397090432
-0.9526440612191854
61.10000000000027
19.737382728164782
23.784230706922717
-0.9963128512014325
-0.08579453671925742
61.20000000000027
19.655817945863276
23.72637583428343
-0.8156478230150471
-0.5785487263928722
61.300000000000274
19.63191768513406
23.62927394173197
-0.23900260729217235
-0.9710189255146079
61.400000000000276
19.54815636530508
23.574647562568536
-0.8376131982898102
-0.5462637916343304
61.50000000000028
19.533411237449364
23.475740630533828
-0.14745127855713505
-0.9890693203470959
61.60000000000028
19.52932716140687
23.37582406372492
-0.04084076042497151
-0.9991656680890862
61.70000000000028
19.432912592689036
23.349286713839252
-0.9641456871783266
-0.26537349885667255
61.80000000000028
19.414339590972876
23.251026632385734
-0.18573001716157905
-0.9826008145351599
61.90000000000028
19.402866784993975
23.15168693879364
-0.11472805978899919
-0.9933969359209096
62.000000000000284
19.45922184000329
23.06907878075282
0.563550550093169
-0.8260815804081862
62.100000000000286
19.523605027759785
22.99256208235102
0.6438318775649334
-0.7651669840180068
62.20000000000029
19.589089564558474
22.91698579347507
0.6548453679868755
-0.7557628887595195
62.30000000000029
19.674146449547376
22.864399423416046
0.8505688498890293
-0.5258637005902329
62.40000000000029
19.633238004398457
22.773149770729045
-0.4090844514891721
-0.9124965268699947
62.50000000000029
19.67387685810587
22.681779734232677
0.40638853707412065
-0.9137003649636768
62.60000000000029
19.750653125404178
22.61770630151881
0.7677626729830812
-0.6407343271386936
62.700000000000294
19.84662283039112
22.589602641175016
0.9596970498694293
-0.281036603437905
62.800000000000296
19.92656963165959
22.529531774967346
0.7994680126846883
-0.6007086620767135
62.9000000000003
19.995961831045836
22.457526756639876
0.6939219938624562
-0.7200501832747169
63.0000000000003
19.978951247911098
22.35898417669894
-0.17010583134738208
-0.9854257994093804
63.1000000000003
19.976842569299407
22.259006411798374
-0.02108678611691346
-0.9997776490056475
63.2000000000003
19.89733779728791
22.198351723377776
-0.7950477201149784
-0.6065468842059737
63.3000000000003
19.956779007080634
22.117935664170815
0.5944120979272179
-0.8041605920696211
63.400000000000304
19.88760503465131
22.045720973571555
-0.6917397242932524
-0.722146905992607
63.500000000000306
19.887591181121927
21.945720974531156
-0.0001385352938195671
-0.999999990403986
63.60000000000031
19.944687921270027
21.863623701345865
0.5709674014810038
-0.8209727318529101
63.70000000000031
19.94060899530735
21.763706924161095
-0.04078925962678765
-0.9991677718477006
63.80000000000031
19.99049627550004
21.677039402707113
0.49887280192687194
-0.8666752145398137
63.90000000000031
19.952378232988735
21.584589335994824
-0.38118042511303746
-0.9245006671228767
64.00000000000031
19.998064303651685
21.495635511190155
0.4568607066294979
-0.8895382480467019
64.1000000000003
19.958056497785464
21.403987404446095
-0.4000780586622172
-0.9164810674406053
64.2000000000003
19.9564018797865
21.304001094186752
-0.016546179989633997
-0.9998631025934255
64.3000000000003
19.902252071821664
21.219930895558633
-0.5414980796483779
-0.8407019862811786
64.40000000000029
19.962182423676115
21.139878706790295
0.5993035185444996
-0.8005218876833928
64.50000000000028
19.949759290555097
21.040653378554723
-0.12423133121017513
-0.992253282355744
64.60000000000028
19.990420536280165
20.949293304692638
0.4066124572506806
-0.9136007386208504
64.70000000000027
19.94214477596125
20.86171790309133
-0.4827576031891453
-0.8757540160130993
64.80000000000027
19.912559569196887
20.766194526158195
-0.2958520676436419
-0.9552337693313516
64.90000000000026
19.95997060280899
20.67814798226332
0.4741103361210256
-0.8804654389487462
65.00000000000027
19.940335778741407
20.58009455966199
-0.19634824067584195
-0.9805342260133003
65.10000000000026
19.993312929264533
20.495280518828825
0.5297715052312519
-0.848140408331671
65.20000000000026
19.95322693168126
20.403666585402988
-0.40085997583273625
-0.9161393342583747
65.30000000000025
19.985375817640133
20.30897524930721
0.32148885958870327
-0.9469133609577779
65.40000000000025
19.9285254956885
20.226707145561008
-0.5685032195163137
-0.8226810374620203
65.50000000000024
19.90021704042775
20.130797649885395
-0.283084552607474
-0.9590949567561213
65.60000000000025
19.801172211333103
20.117009182616997
-0.9904482909464929
-0.13788467268399063
65.70000000000024
19.73141482981174
20.045357890072598
-0.6975738152136286
-0.7165129254439883
65.80000000000024
19.673767159399166
19.96364653164549
-0.5764767041257394
-0.8171135842710759
65.90000000000023
19.70122851118927
19.867491062961385
0.27461351790106003
-0.9615546868410575
66.00000000000023
19.644623009372157
19.78505431651884
-0.5660550181711193
-0.8243674644254793
66.10000000000022
19.57538620968574
19.712899860182567
-0.6923679968641712
-0.7215445633627179
66.20000000000022
19.639785343436497
19.636396582003446
0.6439913375075783
-0.765032781791212
66.30000000000021
19.7088287385182
19.564057038214507
0.6904339508170416
-0.7233954378893822
66.4000000000002
19.772090338573605
19.486610476260925
0.6326160005540387
-0.7744656195358272
66.5000000000002
19.85257224393214
19.427258450938616
0.8048190535853407
-0.5935202532230864
66.6000000000002
19.93365898397263
19.36873545896447
0.8108674004048947
-0.5852299197414706
66.70000000000019
19.975500295323997
19.27790977611871
0.4184131135136749
-0.9082568284575638
66.80000000000018
19.931672116382884
19.1880260137881
-0.43828178941113866
-0.8988376233061066
66.90000000000018
19.919196488307076
19.088807272090204
-0.12475628075809708
-0.9921874169789732
67.00000000000017
19.827575031053893
19.048738474119677
-0.9162145725318439
-0.4006879797052696
67.10000000000016
19.791727197743985
18.955384669446353
-0.35847833309909705
-0.9335380467332293
67.20000000000016
19.766667683798765
18.858575471738547
-0.2505951394521979
-0.9680919770780736
67.30000000000015
19.74331929972769
18.76133940352685
-0.23348384071074207
-0.9723606821169606
67.40000000000015
19.731133672478478
18.662084627880823
-0.12185627249213689
-0.9925477564602734
67.50000000000014
19.77001648991745
18.569953598862323
0.3888281743897243
-0.921310290184992
67.60000000000014
19.765867183076498
18.470039719682603
-0.04149306840951109
-0.9991387917971976
67.70000000000013
19.705403217386124
18.39038980535124
-0.6046396569037369
-0.7964991433136205
67.80000000000013
19.77547347465753
18.319044454795517
0.700702572714057
-0.7134535055572309
67.90000000000013
19.80187834003432
18.222593518644363
0.26404865376788367
-0.9645093615115242
68.00000000000014
19.78166758405256
18.12465718553634
-0.20210755981760362
-0.979363331080235
68.10000000000014
19.852386174606067
18.05395442073803
0.7071859055350889
-0.7070276479831014
68.20000000000013
19.949413370505866
18.029752700637548
0.970271958997987
-0.24201720100482216
68.30000000000013
19.96184696465437
17.93052868269557
0.12433594148505343
-0.9922401794197941
68.40000000000012
19.90608433480259
17.847519471688518
-0.5576262985178043
-0.8300921100705226
68.50000000000011
19.951464667871132
17.758409285006028
0.45380333068541906
-0.8911018668248991
68.60000000000011
19.989190571014547
17.66579850684272
0.37725903143414524
-0.9261077816330942
68.7000000000001
19.916790633816955
17.59681844382604
-0.7239993719759268
-0.6898006301667631
68.8000000000001
19.878987616175106
17.50423911645124
-0.37803017641848935
-0.9257932737479818
68.9000000000001
19.94759647553278
17.431487316352285
0.6860885935767557
-0.7275180009895765
69.0000000000001
19.926670348106242
17.33370133989897
-0.2092612742653648
-0.9778597645331542
69.1000000000001
19.874196491263213
17.248574996455726
-0.5247385684303068
-0.8512634344324396
69.20000000000009
19.907529984828113
17.154294148948086
0.333334935649001
-0.9428084750763944
69.30000000000008
19.93284799649108
17.057552233082035
0.2531801166296676
-0.967419158660499
69.40000000000009
19.895301834495637
16.964868438816737
-0.3754616199544442
-0.926837942652967
69.50000000000009
19.930788477452435
16.871376737732326
0.35486642956797587
-0.9349170108441052
69.60000000000008
19.850064472810935
16.81235441081582
-0.8072400464150113
-0.5902232691650595
69.70000000000007
19.758056743783467
16.77318072322826
-0.9200772902746915
-0.3917368758756074
69.80000000000007
19.72033722115026
16.680567346158192
-0.3771952263320745
-0.9261337707006991
69.90000000000006
19.663159217989087
16.598526649217582
-0.5717800316117395
-0.8204069694060857
70.00000000000006
19.61013945571068
16.513739239728075
-0.5301976227840742
-0.8478740948950596
70.10000000000005
19.66739305475142
16.431751280875073
0.57253599040743
-0.8198795885300374
70.20000000000005
19.741332559923652
16.364424097844104
0.7393950517223149
-0.6732718303096864
70.30000000000004
19.789095309491692
16.276567853025078
0.47762749568039137
-0.8785624481902682
70.40000000000003
19.820787731950027
16.181722766917666
0.3169242245833609
-0.9484508610741178
70.50000000000003
19.88441546691601
16.10457672785474
0.6362773496598422
-0.7714603906292576
70.60000000000002
19.95476428921629
16.033506036279636
0.7034882230027751
-0.7107069157510696
70.70000000000002
19.88869097054989
15.95844395157365
-0.6607331866639616
-0.7506208470598764
70.80000000000001
19.938836063245134
15.871925342716448
0.5014509269524384
-0.8651860885720136
70.9
19.947861531251355
15.772333470923272
0.0902546800622143
-0.9959187179317736
71.0
19.981832934451088
15.678280593430655
0.3397140319973097
-0.9405287749261745
71.1
19.91775635642088
15.601506951157159
-0.6407657803020669
-0.7677364227349668
71.19999999999999
19.97132324684243
15.517064140625026
0.5356689042154854
-0.8444281053213358
71.29999999999998
19.88685890437614
15.463531208221342
-0.8446434246628896
-0.5353293240368453
71.39999999999998
19.92260093625345
15.3701368445944
0.3574203187730942
-0.9339436362694162
71.49999999999997
19.958650445016225
15.27686073340851
0.36049508762777865
-0.932761111858894
71.59999999999997
19.871830507444272
15.227239181236067
-0.86819937571951
-0.49621552172443495
71.69999999999996
19.906093876284434
15.133292273060636
0.34263368840162806
-0.939469081754315
71.79999999999995
19.82078444694353
15.081116596107393
-0.8530942934090445
-0.5217567695324355
71.89999999999995
19.79418929398164
14.98471795587355
-0.26595152961892393
-0.9639864023384119
71.99999999999994
19.79318173166105
14.88472303191153
-0.010075623205869785
-0.9999492396201985
72.09999999999994
19.760180247139612
14.790325457687501
-0.33001484521438945
-0.9439757422402985
72.19999999999993
19.694449159785478
14.71496350339196
-0.6573108735413408
-0.7536195429554089
72.29999999999993
19.72926396740392
14.621219548010876
0.3481480761844251
-0.9374395538108491
72.39999999999992
19.737414395426146
14.521552248844827
0.0815042802222551
-0.9966729916604805
72.49999999999991
19.828359320940084
14.479970756287873
0.9094492551393926
-0.4158149255695422
72.59999999999991
19.891148804984446
14.402140937494286
0.6278948404436308
-0.7782981879358757
72.6999999999999
19.938874121083792
14.314264352426264
0.4772531609934643
-0.8787658506802289
72.7999999999999
19.986459453875746
14.226311887406352
0.47585332791954377
-0.8795246501991263
72.89999999999989
19.979732150994735
14.126538427027617
-0.06727302881010605
-0.9977346037873571
72.99999999999989
19.920857739040592
14.045706480267356
-0.5887441195414473
-0.8083194676026095
73.09999999999988
19.994437155758888
13.977985955790684
0.7357941671829509
-0.6772052447667158
73.19999999999987
19.97308119692229
13.880292951833546
-0.21355958836597538
-0.9769300395713888
73.29999999999987
19.95159449851308
13.782628619595663
-0.2148669840920754
-0.9766433223788384
73.39999999999986
19.926944468326813
13.685714348139824
-0.24650030186267693
-0.9691427145583922
73.49999999999986
19.929999054819774
13.585761011520393
0.030545864929612362
-0.9995333661942966
73.59999999999985
19.966659778183722
13.492723431143258
0.3666072336394825
-0.9303758037713608
73.69999999999985
19.947550253996734
13.394566281198147
-0.19109524186988977
-0.9815714994511038
73.79999999999984
19.898595192694454
13.307368792857655
-0.48955061302280095
-0.8719748834049063
73.89999999999984
19.974845472404652
13.242670301035073
0.7625027971019694
-0.6469849182258213
73.99999999999983
19.97429299631115
13.142671827195889
-0.005524760935031105
-0.999984738391847
74.09999999999982
19.961963740974003
13.043434790446339
-0.12329255337146532
-0.9923703674954953
74.19999999999982
19.97647468562941
12.944493229486307
0.1451094465540626
-0.9894156096003204
74.29999999999981
19.969999598165494
12.844703083468103
-0.06475087463913515
-0.9979014601820497
74.3999999999998
19.99345077972906
12.747491756539228
0.23451181563564286
-0.9721132692887564
74.4999999999998
19.91643347846372
12.68370825314059
-0.7701730126533871
-0.6378350339863793
74.5999999999998
19.916674566493914
12.583708543758204
0.0024108803019505
-0.999997093823862
74.69999999999979
19.878698183062742
12.491200196559216
-0.37976383431171973
-0.9250834719898852
74.79999999999978
19.805401766777415
12.423173471224771
-0.7329641628532815
-0.6802672533444398
74.89999999999978
19.821166204442594
12.324423876263067
0.1576443766517863
-0.9874959496170451
74.99999999999977
19.823170010315508
12.22444395446862
0.020038058729149325
-0.9997992179444666
75.09999999999977
19.91866750625104
12.194775313278925
0.9549749593553254
-0.29668641189696343
75.19999999999976
19.971142195824964
12.10964948315598
0.5247468957392418
-0.8512583012294385
75.29999999999976
19.97244645588382
12.009657988989233
0.013042600588541602
-0.9999149416674838
75.39999999999975
19.990493520312413
11.911299951872227
0.1804706442859363
-0.9835803711700529
75.49999999999974
19.914647599760112
11.846127900074128
-0.7584592055230092
-0.6517205179809868
75.59999999999974
19.917314649800783
11.7461634721806
0.02667050040672618
-0.9996442789352895
75.69999999999973
19.968332237591554
11.660156462373195
0.5101758779077105
-0.8600700980740448
75.79999999999973
19.941309590855433
11.56387678350286
-0.27022646736120853
-0.9627967887033492
75.89999999999972
19.981832763841965
11.472455383102824
0.40523172986531736
-0.9142140040003558
75.99999999999972
19.975731391223096
11.37264169039403
-0.06101372618867818
-0.9981369270879487
76.09999999999971
19.906296497138058
11.300677841946356
-0.6943489408503745
-0.7196384844767288
76.1999999999997
19.951299554556304
11.211376527157547
0.4500305741824516
-0.8930131478880996
76.2999999999997
19.926889450330926
11.11440154681877
-0.244101042253765
-0.9697498033877736
76.3999999999997
19.9275026125615
11.014403426676045
0.006131622305740964
-0.9999812014272568
76.49999999999969
19.917861750044462
10.914869242749479
-0.09640862517037224
-0.9953418392656659
76.59999999999968
19.895805692688104
10.817331914849373
-0.2205605735635932
-0.9753732790010698
76.69999999999968
19.96669149699839
10.746796797728297
0.7088580431028559
-0.7053511712107591
76.79999999999967
19.963939988447475
10.646834658892164
-0.027515085509151833
-0.9996213883613255
76.89999999999966
19.994003375669298
10.55146069625691
0.3006338722182193
-0.9537396263525383
76.99999999999966
19.90895525904854
10.4988601462668
-0.8504811662075691
-0.5260054999011067
77.09999999999965
19.93894221742358
10.403462125703406
0.29986958375039596
-0.9539802056339347
77.19999999999965
19.89931307593386
10.311649647549356
-0.396291414897176
-0.9181247815405018
77.29999999999964
19.930317591939804
10.216577464513321
0.3100451600594231
-0.9507218303603461
77.39999999999964
19.891697685211017
10.124335918536143
-0.38619906728788234
-0.9224154597717721
77.49999999999963
19.958956966614867
10.050334641080697
0.6725928140384916
-0.7400127745544552
77.59999999999962
20.014293456696535
9.967040746553899
0.5533649008166796
-0.832938945267987
77.69999999999962
20.113357853490797
9.953393575133072
0.9906439679425995
-0.13647171420826437
77.79999999999963
20.210040532040193
9.927850285045174
0.9668267854939415
-0.25543290087898174
77.89999999999962
20.28695989109134
9.863948702880405
0.7691935905114665
-0.6390158216476947
77.99999999999962
20.370980239712633
9.80972157850933
0.8402034862129552
-0.5422712437107435
78.09999999999961
20.45243226231765
9.751708062725921
0.8145202260501575
-0.5801351578341034
78.1999999999996
20.550782430037803
9.769797963483477
0.9835016772015096
0.18089900757554592
78.29999999999961
20.64917836022982
9.751958655154734
0.9839593019201579
-0.17839308328742845
78.39999999999961
20.746861382673508
9.773360223467964
0.9768302244368857
0.21401568313229688
78.4999999999996
20.842102749203644
9.803841071577436
0.95241366530134
0.30480848109471503
78.59999999999961
20.925137292465198
9.748116170273398
0.8303454326155615
-0.5572490130403788
78.6999999999996
20.9789390185579
9.663822788152107
0.5380172609270016
-0.8429338212129152
78.7999999999996
21.07759187990468
9.647463908358779
0.9865286134678212
-0.16358879793328843
78.8999999999996
21.177502246023764
9.643230854856808
0.9991036611908422
-0.04233053501970819
78.99999999999959
21.275534589370835
9.662970653687642
0.980323433470721
0.1973979883083335
79.09999999999958
21.345827074630773
9.591844241462779
0.7029248525993894
-0.711264122248639
79.19999999999958
21.44265717354346
9.56686561170534
0.9683009891268733
-0.24978629757438406
79.29999999999957
21.539796988631558
9.543119952635735
0.9713981508809899
-0.23745659069605435
79.39999999999957
21.631788610472906
9.582331449814479
0.919916218413466
0.3921149717874441
79.49999999999957
21.731218437369435
9.592994916573762
0.9942982689652875
0.1066346675928272
79.59999999999957
21.815283285383163
9.647153030725095
0.840648480137277
0.5415811415133344
79.69999999999956
21.910517094755114
9.677657482080702
0.9523380937195229
0.30504451355607937
79.79999999999956
22.006978867524804
9.704022731825946
0.9646177276968825
0.2636524974524289
79.89999999999957
22.09371096408491
9.753797659513376
0.8673209656010383
0.497749276874294
79.99999999999957
22.192799883662815
9.740329696902679
0.9908891957790663
-0.13467962610697676
80.09999999999957
22.292513877564534
9.732771957811657
0.9971399390171899
-0.07557739091021044
80.19999999999956
22.385108659988248
9.695006811606389
0.9259478242371265
-0.37765146205268607
80.29999999999956
22.479715906821916
9.727402318186055
0.9460724683366931
0.3239550657966578
80.39999999999955
22.578295395410223
9.74419768747846
0.9857948858830493
0.16795369292404877
80.49999999999956
22.67535719023436
9.768260272242294
0.9706179482413911
0.24062584763834527
80.59999999999955
22.750695560303274
9.834018389576656
0.7533837006891216
0.6575811733436139
80.69999999999955
22.82658382267116
9.768895646738361
0.7588826236788804
-0.6512274283829411
80.79999999999954
22.8628567275528
9.675706181821733
0.36272904881637635
-0.9318946491662923
80.89999999999954
22.912575593232663
9.58894193575512
0.49718865679862956
-0.8676424606661286
80.99999999999953
22.99632868554647
9.534302943012987
0.8375309231380771
-0.5463899274213246
81.09999999999953
23.032758196620556
9.441174586843111
0.3642951107408511
-0.9312835616987508
81.19999999999952
23.07680327084594
9.351396909013483
0.4404507422538351
-0.8977767782962787
81.29999999999951
23.17674891430379
9.348100190372708
0.9994564345784949
-0.032967186407744375
81.39999999999951
23.26330476744717
9.298019412756728
0.8655585314338196
-0.5008077761598054
81.4999999999995
23.294211271709866
9.202915322443745
0.3090650426269525
-0.9510409031298286
81.5999999999995
23.39242318211678
9.221741385606936
0.9821191040691336
0.18826063163190107
81.69999999999949
23.48153892410734
9.17637196275992
0.8911574199056262
-0.45369422847017504
81.79999999999949
23.580255131364964
9.192344139338887
0.9871620725762431
0.15972176578968855
81.89999999999948
23.6800507681099
9.185954234279123
0.9979563674493589
-0.06389905059764268
81.99999999999947
23.762527209000144
9.129406584477575
0.8247644089024186
-0.5654764980154737
82.09999999999947
23.77924632831636
9.03081413522668
0.1671911931621743
-0.9859244925089389
82.19999999999946
23.87898595633441
9.023602574867034
0.9973962801805094
-0.07211560359646706
82.29999999999946
23.978450488670564
9.033937312751956
0.9946453233615477
0.10334737884921194
82.39999999999945
24.075104197889342
9.008284622946551
0.9665370921877607
-0.25652689805404066
82.49999999999946
24.175102580762072
9.008853325715279
0.999983828727287
0.005687027687273281
82.59999999999947
24.274569848294824
8.99854494613514
0.994672675327506
-0.10308379580138483
82.69999999999948
24.346622500077352
9.067887684551687
0.7205265178252951
0.6934273841654617
82.79999999999947
24.446621938515875
9.067552554756157
0.9999943843852398
-0.0033512979553015666
82.89999999999947
24.51693469099034
8.996446177830704
0.7031275247446536
-0.7110637692545279
82.99999999999946
24.60435789996706
8.94789535361306
0.8742320897672082
-0.48550824217644334
83.09999999999945
24.68736583420274
9.003659884041685
0.8300793423567969
0.557645304286253
83.19999999999945
24.768485516068527
8.945182561821927
0.8111968186578706
-0.584773222197588
83.29999999999944
24.86776896825994
8.933232828730567
0.9928345219141631
-0.11949733091360254
83.39999999999944
24.92459687940062
9.015516414672035
0.5682791114067971
0.8228358594146836
83.49999999999943
24.99112426855836
9.090176353674522
0.6652738915773644
0.7465993900248709
83.59999999999943
25.05429783230298
9.167694744033225
0.6317356374462065
0.7751839035870359
83.69999999999942
25.09557340240139
9.258778921106146
0.41275570098410225
0.9108417707292097
83.79999999999941
25.1918037607354
9.285976680846757
0.9623035833401004
0.2719775974061142
83.89999999999941
25.26718538549435
9.351685208822209
0.7538162475894999
0.6570852797545275
83.9999999999994
25.329832104838577
9.429629987707045
0.6264671934422449
0.7794477888483595
84.0999999999994
25.3485506265854
9.527862451503967
0.18718521746823977
0.9823246379692244
84.19999999999939
25.41951769825833
9.598315803008132
0.7096707167292833
0.7045335150416517
84.29999999999939
25.49018838317219
9.669066451724635
0.7067068491385926
0.7075064871650313
84.39999999999938
25.57090332265246
9.728101174936455
0.8071493948027045
0.5903472321182067
84.49999999999937
25.563669251346315
9.827839172772475
-0.07234071306144424
0.9973799783601844
84.59999999999937
25.63912759291557
9.89345958642263
0.7545834156925652
0.6562041365015474
84.69999999999936
25.674975107712175
9.986813513404345
0.35847514796603064
0.9335392698171472
84.79999999999936
25.736796525425603
10.0654144823036
0.6182141771342906
0.7860096889925542
84.89999999999935
25.752113932673513
10.16423440456223
0.1531740724791043
0.9881992225862992
84.99999999999935
25.81055250844721
10.245382003796847
0.584385757736954
0.8114759923461731
85.09999999999934
25.85470417460129
10.335107308899802
0.4415166615408105
0.8972530510295618
85.19999999999933
25.930978030835647
10.399778004389653
0.7627385623435509
0.646706954898502
85.29999999999933
25.983643224017378
10.484786106516044
0.5266519318173108
0.8500810212639115
85.39999999999932
26.03839419042553
10.568466042446786
0.5475096640815418
0.8367993593074252
85.49999999999932
26.12020113799723
10.625977983198263
0.818069475716983
0.5751194075147705
85.59999999999931
26.219874794166447
10.634050297975367
0.9967365616921724
0.08072314777104703
85.6999999999993
26.297679280990614
10.69687116895013
0.7780448682416896
0.6282087097476219
85.7999999999993
26.360372736914627
10.774778361071936
0.6269345592401248
0.7790719212180545
85.8999999999993
26.412291191788555
10.860244576873878
0.519184548739275
0.8546621580194103
85.99999999999929
26.505066935091556
10.897562956455205
0.9277574330299928
0.3731837958132672
86.0999999999993
26.564045440242847
10.978318983661348
0.5897850515129147
0.8075602720614161
86.19999999999929
26.623595209930116
11.058654685128337
0.5954976968727007
0.8033570146698845
86.29999999999929
26.70584373850106
11.1155333238947
0.8224852857094455
0.5687863876636395
86.39999999999928
26.78596855797255
11.175366536282649
0.8012481947148885
0.598332123879482
86.49999999999928
26.842943510964364
11.257548375709499
0.5697495299181443
0.8218183942684988
86.59999999999927
26.930724840108084
11.305448670633037
0.8778132914372004
0.4790029492353767
86.69999999999926
26.89148149397308
11.39742671031713
-0.39243346135000856
0.919780396840926
86.79999999999926
26.934887719320102
11.487514998130385
0.4340622534702141
0.9008828781325348
86.89999999999925
27.00203061720471
11.56162188892778
0.6714289788460749
0.7410689079739596
86.99999999999925
27.059317644650783
11.643586494010663
0.5728702744607213
0.8196460508288307
87.09999999999924
27.13817168148756
11.705084793780204
0.7885403683677685
0.6149829976954029
87.19999999999924
27.234726606146353
11.731106832980366
0.9655492465879317
0.2602203920016209
87.29999999999923
27.281114705151367
11.819696585608428
0.46388099005013644
0.8858975262806107
87.39999999999922
27.343303467213406
11.898007235415406
0.6218876206203905
0.783106498069777
87.49999999999922
27.385166579672074
11.988822871818357
0.41863112458665747
0.9081563640295157
87.59999999999921
27.406083214197164
12.086610879263768
0.20916634525091388
0.9778800744541098
87.6999999999992
27.4813435627032
12.152458278170256
0.7526034850603502
0.6584739890648796
87.7999999999992
27.53003000840922
12.239806031458562
0.4868644570602072
0.8734775328830557
87.8999999999992
27.462039019201914
12.313135598391773
-0.6799098920730492
0.7332956693321013
87.9999999999992
27.46655928390761
12.413033382185962
0.04520264705697189
0.998977837941885
88.0999999999992
27.399588948742974
12.48729625452427
-0.6697033516463847
0.7426287233830906
88.19999999999919
27.44312579224004
12.577321491309918
0.43536843497065575
0.9002523678564814
88.29999999999919
27.47360563826913
12.672563178537953
0.3047984602909186
0.9524168722803504
88.39999999999918
27.443909448186684
12.7680521113762
-0.2969619008244546
0.9548893283824711
88.49999999999918
27.495272051517293
12.853853527326653
0.5136260333060827
0.8580141595045264
88.59999999999917
27.545614809566604
12.940257269791829
0.5034275804931041
0.8640374246517678
88.69999999999916
27.58973699619241
13.029997075047676
0.44122186625805354
0.8973980525584844
88.79999999999916
27.60116192420445
13.129342286406452
0.11424928012038862
0.9934521135877526
88.89999999999915
27.59083980890974
13.228808129467488
-0.10322115294708598
0.994658430610365
88.99999999999915
27.66043446360378
13.300617488453748
0.6959465469403814
0.7180935898626026
89.09999999999914
27.71091180820163
13.386942674131799
0.5047734459784832
0.8632518567805153
89.19999999999914
27.71737549567727
13.486733559207627
0.0646368747564042
0.9979088507582868
89.29999999999913
27.74323860227793
13.583331176760872
0.2586310660065874
0.9659761755324486
89.39999999999912
27.826750079588926
13.638338750397008
0.8351147731099673
0.5500757363613558
89.49999999999912
27.87140653264534
13.727813893316258
0.4465645305641394
0.8947514291925048
89.59999999999911
27.93426456451234
13.805588361040618
0.6285803186699812
0.7777446772435958
89.69999999999911
27.977371748976648
13.895820121787931
0.4310718446430637
0.9023176074731262
89.7999999999991
27.982840283587738
13.995670485478843
0.054685346110892694
0.998503636909116
89.8999999999991
27.96953141867769
14.094780899234443
-0.133088649100485
0.9911041375559927
89.99999999999909
28.021450771433603
14.180246569590482
0.5191935275591327
0.8546567035603851
90.09999999999908
28.006148323876793
14.279068809490067
-0.15302447556808946
0.9882223989958491
90.19999999999908
28.00408446952693
14.379047509747783
-0.020638543498640364
0.9997870025771762
90.29999999999907
28.031820588504168
14.475124081835261
0.27736118977238783
0.9607657208747851
90.39999999999907
28.076941726429016
14.56436579244396
0.4512113792485006
0.8924171060869833
90.49999999999906
28.123605454346485
14.652810670740244
0.46663727917468373
0.8844487829628397
90.59999999999906
28.11151796202357
14.752077445289151
-0.12087492322916314
0.9926677454890653
90.69999999999905
28.14613435509899
14.845894849487136
0.3461639307541912
0.9381740419798491
90.79999999999905
28.187062471689657
14.937135680655757
0.40928116590667046
0.912408311686208
90.89999999999904
28.217211569952653
15.032482583457726
0.30149098262995555
0.953469028019696
90.99999999999903
28.26492486579802
15.120365695598641
0.47713295845364206
0.8788311214091563
91.09999999999903
28.300270169812027
15.213910922543459
0.35345304014007556
0.9354522694481735
91.19999999999902
28.352134576078573
15.299409948050297
0.518644062665441
0.8549902550683758
91.29999999999902
28.376537095262744
15.396386837345975
0.24402519184171692
0.9697688929567773
91.39999999999901
28.399881556245255
15.49362384748839
0.2334446098251221
0.972370101424142
91.499999999999
28.4207980022863
15.591411895249923
0.20916446041045905
0.9778804776153379
91.599999999999
28.443308487850835
15.688845349667021
0.22510485564533725
0.9743345441709905
91.699999999999
28.36083762286516
15.745401131232784
-0.8247086498567658
0.5655578156576306
91.79999999999899
28.404455328165533
15.835387217848048
0.43617705300372844
0.8998608661526418
91.89999999999898
28.454837418056982
15.921768031795185
0.5038208989144886
0.8638081394713739
91.99999999999898
28.433543600704944
16.019474599346083
-0.21293817352037803
0.9770656755089729
92.09999999999897
28.484762167036553
16.105362074934405
0.5121856633160936
0.8588747558832155
92.19999999999897
28.535980733368163
16.191249550522727
0.5121856633160937
0.8588747558832156
92.29999999999896
28.587199299699773
16.27713702611105
0.5121856633160937
0.8588747558832156
92.39999999999895
28.638417866031382
16.36302450169937
0.5121856633160937
0.8588747558832156
92.49999999999895
28.68963643236299
16.448911977287693
0.5121856633160937
0.8588747558832156
92.59999999999894
28.7408549986946
16.534799452876015
0.5121856633160937
0.8588747558832155
92.69999999999894
28.79207356502621
16.620686928464337
0.5121856633160937
0.8588747558832155
92.79999999999893
28.84329213135782
16.70657440405266
0.5121856633160938
0.8588747558832156
92.89999999999893
28.89451069768943
16.79246187964098
0.5121856633160937
0.8588747558832155
92.99999999999892
28.94572926402104
16.878349355229304
0.5121856633160938
0.8588747558832155
93.09999999999891
28.99694783035265
16.964236830817626
0.5121856633160938
0.8588747558832155
93.19999999999891
29.04816639668426
17.050124306405948
0.5121856633160938
0.8588747558832155
93.2999999999989
29.09938496301587
17.13601178199427
0.5121856633160938
0.8588747558832156
93.3999999999989
29.150603529347478
17.221899257582592
0.5121856633160938
0.8588747558832155
93.49999999999889
29.201822095679088
17.307786733170914
0.5121856633160938
0.8588747558832155
93.59999999999889
29.253040662010697
17.393674208759236
0.5121856633160938
0.8588747558832155
93.69999999999888
29.304259228342307
17.47956168434756
0.5121856633160939
0.8588747558832155
93.79999999999887
29.355477794673916
17.56544915993588
0.5121856633160938
0.8588747558832154
93.89999999999887
29.406696361005526
17.651336635524203
0.5121856633160939
0.8588747558832154
93.99999999999886
29.457914927337136
17.737224111112525
0.5121856633160939
0.8588747558832154
94.09999999999886
29.509133493668745
17.823111586700847
0.5121856633160939
0.8588747558832154
94.19999999999885
29.560352060000355
17.90899906228917
0.5121856633160939
0.8588747558832154
94.29999999999885
29.611570626331964
17.99488653787749
0.5121856633160939
0.8588747558832153
94.39999999999884
29.662789192663574
18.080774013465813
0.512185663316094
0.8588747558832155
94.49999999999883
29.714007758995184
18.166661489054135
0.512185663316094
0.8588747558832155
94.59999999999883
29.765226325326793
18.252548964642457
0.512185663316094
0.8588747558832154
94.69999999999882
29.816444891658403
18.33843644023078
0.512185663316094
0.8588747558832154
94.79999999999882
29.867663457990012
18.4243239158191
0.5121856633160942
0.8588747558832154
94.89999999999881
29.918882024321622
18.510211391407424
0.512185663316094
0.8588747558832152
94.9999999999988
29.97010059065323
18.596098866995746
0.5121856633160942
0.8588747558832152
95.0999999999988
30.02131915698484
18.681986342584068
0.5121856633160942
0.8588747558832153
95.1999999999988
30.07253772331645
18.76787381817239
0.5121856633160943
0.8588747558832153
95.29999999999879
30.12375628964806
18.853761293760712
0.5121856633160943
0.8588747558832153
95.39999999999878
30.17497485597967
18.939648769349034
0.5121856633160944
0.8588747558832153
95.49999999999878
30.22619342231128
19.025536244937356
0.5121856633160943
0.858874755883215
95.59999999999877
30.27741198864289
19.11142372052568
0.5121856633160944
0.858874755883215
95.69999999999877
30.3286305549745
19.197311196114
0.5121856633160944
0.858874755883215
95.79999999999876
30.37984912130611
19.283198671702323
0.5121856633160945
0.858874755883215
95.89999999999876
30.431067687637718
19.369086147290645
0.5121856633160946
0.858874755883215
95.99999999999875
30.482286253969328
19.454973622878967
0.5121856633160946
0.858874755883215
96.09999999999874
30.533504820300937
19.54086109846729
0.5121856633160946
0.858874755883215
96.19999999999874
30.584723386632547
19.62674857405561
0.5121856633160947
0.858874755883215
96.29999999999873
30.635941952964156
19.712636049643933
0.5121856633160947
0.8588747558832149
96.39999999999873
30.687160519295766
19.798523525232255
0.5121856633160948
0.8588747558832149
96.49999999999872
30.738379085627376
19.884411000820577
0.5121856633160949
0.8588747558832149
96.59999999999872
30.789597651958985
19.9702984764089
0.5121856633160949
0.8588747558832148
96.69999999999871
30.840816218290595
20.05618595199722
0.512185663316095
0.8588747558832147
96.7999999999987
30.892034784622204
20.142073427585544
0.5121856633160952
0.8588747558832147
96.8999999999987
30.943253350953814
20.227960903173866
0.5121856633160953
0.8588747558832146
96.99999999999869
30.994471917285424
20.313848378762188
0.5121856633160953
0.8588747558832145
97.09999999999869
31.045690483617033
20.39973585435051
0.5121856633160955
0.8588747558832144
97.19999999999868
31.096909049948643
20.485623329938832
0.5121856633160956
0.8588747558832144
97.29999999999868
31.148127616280252
20.571510805527154
0.5121856633160958
0.8588747558832144
97.39999999999867
31.199346182611862
20.657398281115476
0.5121856633160959
0.8588747558832142
97.49999999999866
31.25056474894347
20.7432857567038
0.5121856633160962
0.858874755883214
97.59999999999866
31.30178331527508
20.82917323229212
0.5121856633160964
0.858874755883214
97.69999999999865
31.35300188160669
20.915060707880443
0.5121856633160966
0.8588747558832138
97.79999999999865
31.4042204479383
21.000948183468765
0.5121856633160969
0.8588747558832136
97.89999999999864
31.45543901426991
21.086835659057087
0.5121856633160973
0.8588747558832134
97.99999999999864
31.50665758060152
21.17272313464541
0.5121856633160976
0.8588747558832132
98.09999999999863
31.55787614693313
21.25861061023373
0.5121856633160982
0.8588747558832129
98.19999999999862
31.60909471326474
21.344498085822053
0.5121856633160987
0.8588747558832125
98.29999999999862
31.66031327959635
21.430385561410375
0.5121856633160996
0.858874755883212
98.39999999999861
31.711531845927958
21.516273036998697
0.5121856633161005
0.8588747558832115
98.49999999999861
31.762750412259567
21.60216051258702
0.5121856633161019
0.8588747558832107
98.5999999999986
31.813968978591177
21.68804798817534
0.5121856633161037
0.8588747558832094
98.6999999999986
31.865187544922787
21.773935463763664
0.5121856633161068
0.8588747558832077
98.79999999999859
31.916406111254396
21.859822939351986
0.5121856633161121
0.8588747558832047
98.89999999999858
31.96762467758601
21.945710414940304
0.5121856633161238
0.8588747558831975
98.99999999999858
32
22
0.9
0.0
99.0632101300994
