411
1
2
0.9
-0.2
0
1.084964016619812
2.0527362861778142
0.8496401661981191
0.5273628617781428
0.10000000000000006
1.1741191844995273
2.0980281843533133
0.8915516787971531
0.45291898175499096
0.20000000000000007
1.273187704509338
2.111645391962282
0.9906852000981062
0.13617207608968598
0.30000000000000016
1.335159650424709
2.190127733412205
0.6197194591537083
0.7848234144992332
0.4000000000000001
1.4328848869891369
2.21133570687566
0.9772523656442793
0.2120797346345468
0.5
1.5235738789057445
2.2534724692708594
0.9068899191660752
0.42136762395199484
0.6000000000000001
1.5481643195914898
2.350401877743628
0.2459044068574524
0.9692940847276869
0.7000000000000002
1.6477998677180477
2.3418720741397716
0.9963554812655789
-0.08529803603856592
0.8000000000000002
1.675431538911901
2.4379787375249644
0.2763167119385331
0.961066633851929
0.9
1.737921180775856
2.51604950452334
0.6248964186395486
0.7807076699837566
1.0000000000000002
1.8229496126973306
2.56868186875843
0.850284319214748
0.5263236423508948
1.1000000000000003
1.8421575140525104
2.666819815168214
0.19207901355179707
0.9813794640978426
1.2000000000000004
1.9421486323853108
2.6654870531654846
0.9999111833280034
-0.013327620027294602
1.3000000000000005
2.03751256520675
2.6955822407679575
0.9536393282143911
0.30095187602473034
1.4000000000000004
2.137222713732706
2.687973937347892
0.9971014852595609
-0.07608303420065322
1.5000000000000002
2.159616030516544
2.785434387600385
0.22393316783838357
0.9746045025249299
1.6
2.2290775771362705
2.8573725106033905
0.694615466197265
0.7193812300300558
1.7
2.2734891186224413
2.9469694691612687
0.44411541486170913
0.8959695855787807
1.8
2.284368097928374
3.0463759468639875
0.10878979305932644
0.9940647770271861
1.9000000000000004
2.3733304924822676
3.0920453278017384
0.889623945538934
0.4566938093775082
2.0000000000000004
2.398565780485347
3.1888088552250484
0.25235288003079315
0.9676352742330987
2.1000000000000005
2.4446031180016226
3.2775813935148403
0.46037337516275395
0.8877253828979175
2.2000000000000006
2.4857359693286822
3.3687301101361182
0.41132851327059633
0.9114871662127783
2.3000000000000007
2.555365416867292
3.4405057329858577
0.6962944753860945
0.717756228497394
2.400000000000001
2.655164322680369
3.4341670897152126
0.9979890581307747
-0.06338643270645138
2.5000000000000004
2.671537676754508
3.5328175498072105
0.163733540741385
0.9865046009199802
2.6000000000000005
2.6691287394374665
3.632788530701681
-0.024089373170413157
0.999709808944704
2.7000000000000006
2.762524167370404
3.6685277814104396
0.9339542793293745
0.35739250708758385
2.8000000000000007
2.75932943933564
3.7684767369466727
-0.03194728034764119
0.9994895553623305
2.900000000000001
2.8504703449016575
3.80962689287112
0.9114090556601729
0.4115015592444721
3.000000000000001
2.9419526299481107
3.8500124289289643
0.914822850464533
0.40385536057844584
3.1000000000000005
2.9895150467948053
3.9379772884110396
0.4756241684669473
0.8796485948207527
3.2000000000000006
3.039813489780298
4.0244068356344
0.5029844298549304
0.8642954722336051
3.3000000000000003
3.027987593175869
4.123705114418583
-0.11825896604429126
0.9929827878418311
3.4000000000000004
3.1027638037558485
4.190101788516753
0.7477621057997956
0.6639667409816965
3.5000000000000004
3.160208555623423
4.271955930030012
0.5744475186757485
0.8185414151325976
3.6
3.2477784385246773
4.3202417002802695
0.8756988290125427
0.4828577025025711
3.7
3.321740729309395
4.387543851374249
0.7396229078471757
0.6730215109397977
3.8000000000000003
3.3692630306073843
4.475530389431745
0.4752230129798941
0.8798653805749556
3.9000000000000004
3.46575189719987
4.44926446809444
0.9648886659248586
-0.26265921337304426
4.0
3.5315645303847294
4.5245552199387085
0.6581263318485921
0.7529075184426814
4.1000000000000005
3.6013061349571154
4.596221869027869
0.6974160457238601
0.7166664908916104
4.2
3.6046325862116855
4.696166527324603
0.033264512545699815
0.9994465829673425
4.3
3.61974003298071
4.795018765802652
0.15107446769024535
0.988522384780491
4.3999999999999995
3.6930936848799156
4.862983769687373
0.7335365189920595
0.6796500388472084
4.499999999999999
3.6904594286854975
4.962949067137549
-0.026342561944179353
0.9996529745017604
4.599999999999999
3.739495121348728
5.050101237764776
0.49035692663230634
0.8715217062722642
4.699999999999999
3.836708912525379
5.073542202016754
0.9721379117665077
0.23440964251978533
4.8
3.936638119397146
5.077304330932631
0.9992920687176657
0.037621289158774225
4.9
4.036487127417096
5.082797562898609
0.9984900801994961
0.05493231965977659
5.000000000000001
4.11848846731506
5.140031995322969
0.8200133989796357
0.5723443242436015
5.100000000000001
4.183341401288958
5.216150961126356
0.6485293397389851
0.7611896580338675
5.200000000000001
4.242925036292446
5.296461548471806
0.5958363500348789
0.8031058734544986
5.300000000000001
4.330982331787504
5.3438526099717985
0.8805729549505742
0.4739106149999324
5.400000000000001
4.37543451423004
5.433429412080913
0.4445218244253655
0.8957680210911443
5.500000000000001
4.3935360581077
5.531777437527513
0.18101543877660034
0.9834802544660035
5.6000000000000005
4.422614248557286
5.6274563737683465
0.2907819044958614
0.956789362408341
5.7
4.470863347831184
5.715046466925378
0.48249099273897855
0.8759009315703205
5.8
4.517910248571218
5.803288118829439
0.4704690074003429
0.8824165190406037
5.9
4.617293452108232
5.814377701992057
0.993832035370132
0.11089583162617446
6.000000000000001
4.6284174715591755
5.913757056946972
0.1112401945094363
0.993793549549152
6.1000000000000005
4.6491568451706184
6.0115828121559405
0.207393736114429
0.9782575520896829
6.200000000000001
4.699253142129598
6.098129684028919
0.5009629695897977
0.8654687187297825
6.300000000000002
4.775123074731401
6.1632737806685824
0.7586993260180324
0.6514409663966364
6.400000000000001
4.857263423509274
6.220308534132145
0.8214034877787297
0.5703475346356274
6.500000000000001
4.8660424741495065
6.319922430099807
0.08779050640231872
0.9961389596766228
6.600000000000001
4.965722868004445
6.3119337455444855
0.9968039385493802
-0.07988684555321625
6.700000000000002
4.97435564938029
6.411560424128672
0.08632781375845244
0.9962667858418678
6.800000000000002
4.988402867838831
6.510568886663842
0.14047218458540847
0.9900846253516933
6.900000000000002
5.088217317854993
6.516657857674692
0.9981445001616266
0.0608897101084943
7.000000000000002
5.0824853391869755
6.6164934446191745
-0.05731978668017344
0.9983558694448285
7.100000000000001
5.170496477043586
6.663970171688178
0.8801113785661059
0.4747672706900388
7.200000000000001
5.1941322394890586
6.761136784954368
0.2363576244547261
0.9716661326618926
7.300000000000002
5.293584433685132
6.771589586951273
0.9945219419607337
0.10452801996905463
7.400000000000002
5.393495261529697
6.767367445384036
0.999108278445645
-0.04222141567237829
7.500000000000003
5.480353703193525
6.816921568438848
0.8685844166382776
0.49554123054811805
7.600000000000002
5.557124354978007
6.881001729367061
0.7677065178448242
0.6408016092821356
7.700000000000002
5.624156278541873
6.955209014880871
0.6703192356386612
0.7420728551380928
7.8000000000000025
5.620465156370947
7.055140869747671
-0.03691122170926376
0.999318548668006
7.900000000000002
5.693966812666337
7.122945784922267
0.7350165629539066
0.6780491517459675
8.000000000000002
5.73376997697413
7.214682953567734
0.3980316430779268
0.9173716864546703
8.100000000000001
5.780571924162605
7.30305476886745
0.46801947188475274
0.8837181529971628
8.200000000000001
5.802749818362749
7.400564465866504
0.2217789420014304
0.975096969990537
8.3
5.844377110826996
7.491488436974765
0.41627292464247934
0.9092397110826148
8.4
5.878413634155849
7.585517767928912
0.34036523328852825
0.9402933095414673
8.5
5.860966402287889
7.683983975838761
-0.17447231867959961
0.9846620790984917
8.6
5.839654508576071
7.781686602141313
-0.21311893711817723
0.977026263025523
8.7
5.8901582942639585
7.8679963213575865
0.5050378568788758
0.8630971921627321
8.799999999999999
5.970178405659662
7.927969496796438
0.8002011139570352
0.59973175438851
8.899999999999999
6.0260256929025
8.010921775292065
0.5584728724283744
0.8295227849562666
8.999999999999998
6.115465291324841
8.055649375653031
0.8943959842234162
0.44727600360965764
9.099999999999998
6.16817163162507
8.140631972060511
0.527063403002287
0.8498259640747915
9.2
6.1869895058740925
8.23884545183161
0.18817874249022618
0.9821347977109849
9.299999999999999
6.222085486906861
8.332484504130036
0.350959810327693
0.9363905229842673
9.399999999999999
6.322082468819633
8.33170758178069
0.9999698191277117
-0.007769223493468887
9.499999999999998
6.4219860724762565
8.327317823652923
0.9990360365662345
-0.04389758127766515
9.599999999999998
6.4737053840437975
8.412904696542283
0.5171931156754128
0.8558687288936073
9.699999999999998
6.531491723263038
8.494518047163606
0.5778633921924035
0.8161335062132227
9.799999999999999
6.612260537225155
8.553479040126351
0.807688139621173
0.5896099296274516
9.899999999999999
6.6982164497700545
8.604582671098854
0.8595591254489923
0.5110363097250172
9.999999999999998
6.717172246812136
8.70276962419599
0.18955797042081254
0.9818695309713722
10.099999999999998
6.797320324526261
8.762571677996261
0.8014807771412529
0.5980205380027122
10.199999999999998
6.885463519482871
8.809802781972785
0.8814319495660919
0.47231103976523586
10.299999999999997
6.9415975541212385
8.89256128700531
0.5613403463836766
0.8275850503252544
10.399999999999999
6.976717409604366
8.986191387671946
0.3511985548312808
0.9363010066663497
10.499999999999998
7.040945287369021
9.062838499279943
0.6422787776465433
0.7664711160799617
10.6
7.018153936911341
9.160206637519899
-0.22791350457679316
0.9736813823995629
10.7
6.983190208402267
9.253895151697165
-0.3496372850907498
0.936885141772656
10.8
7.004417811759013
9.351616126189485
0.2122760335674603
0.9772097449232005
10.9
7.031574464149483
9.44785809328775
0.27156652390470476
0.9624196709826309
11.000000000000002
7.083369405746478
9.533399218046334
0.5179494159699531
0.8554112475858524
11.100000000000001
7.1435745249776375
9.613244966952346
0.6020511923115897
0.798457489060121
11.200000000000001
7.232660881785256
9.65867206272949
0.8908635680761786
0.4542709577714382
11.300000000000002
7.253004781879954
9.756580824997926
0.20343900094699116
0.979087622684349
11.400000000000002
7.324123080049951
9.82688151962752
0.7111829816999651
0.7030069462959433
11.500000000000002
7.422874659279826
9.842633522662236
0.9875157922987504
0.15752003034716303
11.600000000000001
7.4723393923063295
9.929542901825918
0.4946473302650428
0.8690937916368209
11.700000000000001
7.503185017556937
10.024666754790877
0.30845625250606745
0.9512385296495897
11.8
7.508910197272248
10.124502731859403
0.057251797153113626
0.9983597706852668
11.9
7.604165255029061
10.154940766811517
0.9525505775681329
0.30438034952114845
12.0
7.59033312836091
10.253979508078944
-0.1383212666815111
0.9903874126742637
12.1
7.650400601626315
10.333928858642345
0.6006747326540599
0.7994935056340193
12.2
7.72104232228521
10.404708427038534
0.7064172065889486
0.7077956839618811
12.299999999999999
7.734517846687458
10.503796318539385
0.13475524402248784
0.9908789150085089
12.399999999999999
7.784622961663932
10.590338085641717
0.5010511497647365
0.8654176710233248
12.499999999999998
7.7469898397362735
10.682986604971374
-0.3763312192765846
0.926485193296579
12.599999999999998
7.804192741655122
10.765009943187168
0.5720290191884839
0.8202333821579448
12.699999999999998
7.808563399786902
10.864914384267108
0.04370658131780043
0.9990444107993951
12.799999999999997
7.8134934272262875
10.964792784481803
0.04930027439385726
0.9987840021469558
12.899999999999997
7.891639169920623
11.027188640904733
0.7814574269433522
0.6239585642292889
12.999999999999998
7.978624164777919
11.0765202805458
0.8698499485729639
0.4933163964106727
13.099999999999998
8.058983303822233
11.136038418722801
0.8035913904431425
0.5951813817700086
13.199999999999998
8.13632197448829
11.199431872798181
0.7733867066605705
0.6339345407537884
13.299999999999997
8.19498535254779
11.280417106480922
0.5866337805949956
0.8098523368274136
13.399999999999997
8.127926123240343
11.35459971741294
-0.670592293074467
0.7418261093201883
13.499999999999996
8.112699313415636
11.453433640043594
-0.15226809824707768
0.988339226306544
13.599999999999996
8.164577294367623
11.53892442956121
0.5187798095198775
0.8549078951761527
13.699999999999996
8.206336764596417
11.629787770057861
0.417594702287936
0.908633404966519
13.799999999999995
8.301910967278852
11.65920837137083
0.9557420268243577
0.29420601312969213
13.899999999999995
8.344869494483495
11.749511001124388
0.42958527204643426
0.9030262975355653
13.999999999999995
8.287712040329426
11.831566015807377
-0.5715745415406832
0.8205501468298922
14.099999999999996
8.29936056772623
11.930885257696781
0.11648527396803675
0.9931924188940386
14.199999999999996
8.349499426353152
12.017407479441196
0.5013885862692078
0.8652222174441461
14.299999999999997
8.361393334247573
12.116697634819255
0.11893907894420892
0.9929015537805866
14.399999999999997
8.461379400365182
12.11836694076041
0.9998606611760872
0.016693059411553395
14.499999999999996
8.545244649355162
12.172833627935681
0.8386524898997934
0.5446668717527045
14.599999999999998
8.613580417950471
12.245842002321695
0.6833576859530955
0.7300837438601344
14.699999999999998
8.677391417053318
12.322836524162515
0.63810999102847
0.7699452184081969
14.799999999999997
8.773696988986712
12.295906302949504
0.9630557193339485
-0.26930221213011046
14.899999999999997
8.84708986179954
12.363828951751506
0.7339287281282804
0.6792264880200157
14.999999999999996
8.936208179692269
12.409193314592512
0.8911831789272892
0.45364362841006756
15.099999999999996
9.0348714744255
12.425489150636839
0.9866329473323101
0.16295836044327072
15.199999999999998
9.123248466819888
12.3786969801879
0.8837699239438708
-0.46792170448937814
15.299999999999999
9.223002460492786
12.3716869340891
0.997539936728986
-0.07010046098800499
15.399999999999999
9.31687536262562
12.406152543689968
0.938729021328333
0.3446560960086881
15.499999999999998
9.409764525861345
12.369117379948374
0.9288916323572551
-0.370351637415948
15.599999999999998
9.466854857678829
12.451219109607191
0.5709033181748453
0.8210172965881726
15.699999999999998
9.553669916400423
12.50084919704582
0.8681505872159487
0.4963008743862974
15.799999999999997
9.648757397314677
12.531806764349817
0.9508748091425329
0.3095756730399718
15.899999999999997
9.748739109083777
12.529894354424997
0.999817117691003
-0.019124099248204882
15.999999999999996
9.848716925428413
12.532000592530819
0.9997781634463506
0.021062381058230828
16.099999999999998
9.90314284679601
12.615892302987145
0.5442592136759782
0.8389171045632613
16.2
9.949672248603191
12.704407921764092
0.46529401807180615
0.885156187769477
16.299999999999997
10.04453721683372
12.736040781303196
0.9486496823052948
0.31632859539103214
16.4
10.14054920211064
12.708081906447706
0.9601198527691795
-0.27958874855488947
16.5
10.23050859218915
12.751754645504265
0.8995939007851109
0.4367273905655886
16.599999999999998
10.313966335552813
12.806843710414146
0.8345774336366292
0.5508906490988006
16.7
10.413966334493896
12.806829157630748
0.9999999894108248
-0.00014552783398180577
16.8
10.51312665967422
12.793897417216852
0.9916032518032415
-0.12931740413895276
16.900000000000002
10.597108943461096
12.73961135998352
0.8398228378687635
-0.542860572333317
17.0
10.66811885417271
12.810021533827426
0.710099107116123
0.7041017384390448
17.1
10.767482189442909
12.798755318669615
0.9936333527019882
-0.11266215157809886
17.200000000000003
10.865950738380254
12.781321303923336
0.9846854893734627
-0.17434014746278112
17.3
10.940300056007885
12.84819565601968
0.7434931762763071
0.6687435209634319
17.400000000000002
10.99483021428237
12.932019649234986
0.5453015827448475
0.8382399321530586
17.500000000000004
11.085526696975723
12.974140285828637
0.9069648269335265
0.4212063659365064
17.600000000000005
11.182787805485178
12.950896431339505
0.9726110850945543
-0.23243854489131902
17.700000000000006
11.260562640048295
12.888038853366124
0.7777483456311746
-0.6285757797338131
17.800000000000004
11.35651925298424
12.859890524217468
0.9595661293594553
-0.28148329148657014
17.900000000000002
11.43923394980445
12.916089091191553
0.8271469682021025
0.5619856697408485
18.000000000000004
11.510951332785599
12.985778523520532
0.7171738298114866
0.6968943232897832
18.100000000000005
11.57723754520009
13.060652671554022
0.6628621241449049
0.7487414803349047
18.200000000000006
11.675541032817076
13.042310798085452
0.9830348761698612
-0.18341873468570705
18.300000000000008
11.772369770196605
13.067294705255593
0.9682873737952905
0.24983907170140393
18.400000000000006
11.850214248844361
13.130066013542573
0.7784447864775617
0.6277130828697959
18.500000000000007
11.923979533813572
13.197584031385302
0.7376528496921106
0.675180178427291
18.60000000000001
12.020386095967549
13.171017609464927
0.9640656215397679
-0.26566421920375527
18.70000000000001
12.097563651827462
13.234607112305332
0.771775558599138
0.6358950284040505
18.800000000000008
12.1562100272049
13.31560465952183
0.5864637537743718
0.8099754721649742
18.90000000000001
12.241103208650525
13.26275442069512
0.8489318144562527
-0.5285023882670868
19.00000000000001
12.338697787146396
13.24095308476786
0.9759457849587093
-0.2180133592726117
19.100000000000012
12.393810865343866
13.15751119713581
0.5511307819746988
-0.8344188763204947
19.200000000000014
12.492426533654566
13.140929581905867
0.9861566831070068
-0.16581615229942614
19.30000000000001
12.555371779106558
13.21863348190444
0.6294524545199283
0.7770389999857391
19.40000000000001
12.629675900833945
13.285558047605846
0.7430412172738651
0.6692456570140539
19.50000000000001
12.667866609092881
13.377978120115452
0.381907082589359
0.9242007250960609
19.600000000000012
12.761280725782328
13.413668494211704
0.9341411668944701
0.3569037409625146
19.700000000000014
12.856150179894327
13.445287897692658
0.9486945411199833
0.3161940348095518
19.800000000000015
12.93746668772784
13.387084585469365
0.813165078335138
-0.5820331222329267
19.900000000000016
13.012151896920615
13.45358360446838
0.7468520919277598
0.6649901899901448
20.000000000000014
13.112120522602705
13.45107883317456
0.9996862568208915
-0.025047712938200725
20.100000000000016
13.198085196860676
13.39998994221262
0.8596467425797135
-0.5108889096193885
20.200000000000017
13.27953732924366
13.341976580559765
0.8145213238298298
-0.5801336165285558
20.30000000000002
13.362018054534918
13.28543518019306
0.8248072529125898
-0.5654140036670361
20.40000000000002
13.44912298251095
13.33455474373235
0.8710492797603233
0.49119563539288696
20.50000000000002
13.527244869013288
13.27212902107481
0.78121886502338
-0.6242572265753773
20.600000000000023
13.61115783200427
13.326522169927161
0.8391296299098279
0.5439314885235045
20.700000000000024
13.697918396782471
13.276796880592984
0.8676056477820115
-0.49725289334176465
20.800000000000026
13.796745507836267
13.292067837365915
0.988271110537959
0.1527095677292992
20.900000000000027
13.88308818783611
13.342515251674724
0.8634267999984351
0.5044741430880897
21.00000000000003
13.950609446932901
13.416277569764546
0.6752125909679165
0.7376231808982097
21.10000000000003
14.043996346923288
13.380516041410946
0.933868999903877
-0.3576152835359988
21.200000000000028
14.121210553106112
13.316971046615475
0.7721420618282332
-0.6354499479547111
21.30000000000003
14.22118696799447
13.319142789250087
0.999764148883576
0.021717426346113615
21.40000000000003
14.319114315017819
13.33939704077831
0.9792734702334916
0.2025425152822359
21.500000000000032
14.38486671356251
13.264053679520531
0.6575239854468967
-0.7534336125777967
21.600000000000033
14.4739489774624
13.21861855810031
0.8908226389989091
-0.4543512142022065
21.700000000000035
14.545176191498166
13.148428217021904
0.7122721403576618
-0.7019034107840731
21.800000000000033
14.630223004344408
13.095825559059627
0.8504681284624246
-0.5260265796227608
21.900000000000034
14.730167369803148
13.099160797139598
0.9994436545873863
0.03335238079971793
22.000000000000036
14.828274526586462
13.118525346912163
0.9810715678331449
0.19364549772565062
22.100000000000033
14.926595837276247
13.136771438664724
0.9832131068978454
0.18246091752560648
22.200000000000035
14.996658488422277
13.065418618717718
0.7006265114602986
-0.7135281994700504
22.300000000000036
14.987118118507484
12.965874752297486
-0.0954036991479328
-0.9954386642023159
22.400000000000038
15.066291384611986
12.904787978488866
0.7917326610450297
-0.6108677380862048
22.50000000000004
15.148212893944999
12.84743934024347
0.8192150933301239
-0.5734863824539482
22.60000000000004
15.219788294991343
12.777604091514371
0.7157540104634369
-0.6983524872909855
22.700000000000042
15.306741910605464
12.826991020267148
0.8695361561411998
0.4938692875277698
22.800000000000043
15.405115067045697
12.8090265527831
0.9837315644023344
-0.17964467484046273
22.900000000000045
15.501861505940765
12.783725830241579
0.9674643889506712
-0.253007225415213
23.000000000000046
15.591385079967385
12.828285113152104
0.895235740266205
0.44559282910524944
23.100000000000044
15.677924956613879
12.878393493189872
0.8653987664649481
0.5010838003776877
23.200000000000042
15.77028808762619
12.840065278652764
0.9236313101231142
-0.3832821453710825
23.30000000000004
15.861828784949612
12.799812319338676
0.915406973234221
-0.40252959314087966
23.40000000000004
15.94461762269536
12.743723030301389
0.8278883774574769
-0.5608928903728647
23.500000000000043
16.04309711562158
12.72635094139434
0.984794929262208
-0.173720889070493
23.600000000000044
16.121176874861195
12.78882934724055
0.7807975923961541
0.6247840584620972
23.700000000000042
16.214408219195874
12.824994474553312
0.9323134433468061
0.36165127312761064
23.80000000000004
16.308322646314213
12.859346772570106
0.9391442711833712
0.3435229801679278
23.90000000000004
16.397039405492173
12.905491508358276
0.8871675917795908
0.4614473578816995
24.000000000000043
16.496336026364375
12.917331317620343
0.9929662087220229
0.11839809262066618
24.100000000000044
16.594910561837676
12.934155733099722
0.9857453547330185
0.16824415479378615
24.200000000000042
16.690139484485858
12.903636029771112
0.9522892264818321
-0.3051970332860954
24.30000000000004
16.784219071805687
12.937533393233938
0.9407958731982773
0.33897363462825697
24.40000000000004
16.862520656813043
12.99973356835697
0.7830158500735549
0.6220017512303228
24.500000000000043
16.95873665084968
12.97248503644162
0.9621599403663736
-0.2724853191534848
24.600000000000044
17.036155223973843
13.035780885716422
0.7741857312416419
0.6329584927480192
24.700000000000042
17.112746361083214
13.100075502258504
0.7659113710937253
0.6429461654208147
24.80000000000004
17.191945141696287
13.039021811547768
0.7919878061307383
-0.6105369071073592
24.900000000000038
17.262992238391945
13.109394462848664
0.7104709669565937
0.703726513008969
25.000000000000036
17.332393056089902
13.181391174598957
0.6940081769795842
0.7199671175029276
25.100000000000033
17.42044715888371
13.228788167975933
0.8805410279381011
0.4739699337697617
25.20000000000003
17.467417670087734
13.317070505265068
0.4697051120402446
0.8828233728913509
25.30000000000003
17.541573021829908
13.38415987706116
0.7415535174217505
0.6708937179609226
25.400000000000027
17.631158540062522
13.428594491079899
0.8958551823261205
0.4443461401873921
25.50000000000003
17.697723234214177
13.50322117191522
0.6656469415165361
0.7462668083532064
25.60000000000003
17.74502481879238
13.591326563897725
0.47301584578205075
0.8810539198250532
25.700000000000028
17.83218261204923
13.640352262001848
0.8715779325684841
0.4902569810412157
25.80000000000003
17.89136125574726
13.72096174115946
0.5917864369803059
0.8060947915761238
25.900000000000027
17.968988409580714
13.784001609399464
0.7762715383345562
0.630398682400036
26.000000000000025
18.048354670456803
13.844837426436376
0.7936626087608815
0.6083581703691271
26.100000000000026
18.126360706653927
13.907407853291346
0.7800603619712275
0.6257042685497018
26.200000000000028
18.149193919988825
14.004766183026419
0.2283321333489761
0.9735832973507226
26.30000000000003
18.221975676885354
14.073343262747379
0.7278175689652717
0.6857707972095938
26.40000000000003
18.22489778701881
14.173300559991592
0.02922110133456976
0.9995729724421298
26.500000000000032
18.28943550183514
14.249686968247815
0.6453771481632796
0.7638640825622266
26.600000000000033
18.34136641398635
14.335145615341853
0.5193091215121075
0.8545864709403742
26.700000000000035
18.440727988097617
14.323863878324381
0.9936157411126608
-0.11281737017471141
26.800000000000036
18.521117774965543
14.383340614678433
0.8038978686792629
0.5947673635405177
26.900000000000034
18.542763059025553
14.480969922152989
0.2164528406001104
0.9762930747455618
27.000000000000032
18.57586981001689
14.57533062922324
0.33106750991335504
0.9436070707025095
27.100000000000033
18.66252157242417
14.625245277090503
0.8665176240727676
0.4991464786726296
27.200000000000035
18.746865891417908
14.678967114861399
0.8434431899373888
0.5372183777089556
27.300000000000036
18.78710976857788
14.770511805319845
0.40243877159973945
0.9154469045844728
27.400000000000034
18.880300855125203
14.806780543761235
0.9319108654731978
0.36268738441389936
27.500000000000036
18.97691373013799
14.832586596961274
0.9661287501278898
0.25806053200038453
27.600000000000033
19.06835175562597
14.87307224250213
0.9143802548797888
0.4048564554085464
27.70000000000003
19.1166756521971
14.960621091838844
0.4832389657112927
0.8754884933671487
27.800000000000033
19.2074197907239
15.002638960930796
0.9074413852680326
0.42017869091951116
27.90000000000003
19.305974636939922
15.019578331855831
0.9855484621602348
0.16939370925036162
28.00000000000003
19.402780845535233
14.994507273294193
0.9680620859531132
-0.2507105856163786
28.100000000000026
19.501818878583258
15.00834446990254
0.9903803304802643
0.13837196608346014
28.200000000000024
19.588487842520365
15.058229244033216
0.8666896393710639
0.4988477413067589
28.300000000000026
19.65365251376265
15.134081505844483
0.6516467124228519
0.758522618112663
28.400000000000027
19.71825578880751
15.210412475008237
0.6460327504486038
0.7633096916375501
28.500000000000025
19.781161078761286
15.288148724569375
0.6290528995377584
0.777362495611371
28.600000000000026
19.875071933305733
15.322510787934831
0.9391085454444729
0.3436206336545678
28.700000000000024
19.965669579235865
15.364843594975222
0.9059764593012971
0.42332807040389536
28.800000000000026
19.98685196499145
15.462574380983018
0.21182385755584715
0.9773078600779593
28.900000000000027
19.996517137587947
15.562106207243163
0.09665172596500195
0.9953182626014586
29.000000000000025
20.096242633095834
15.569510634682631
0.9972549550788733
0.07404427439468002
29.100000000000023
20.18478017386506
15.523022960245877
0.8853754076922569
-0.46487674436754733
29.200000000000024
20.267544609894827
15.57914824981016
0.8276443602976624
0.5612528956428406
29.300000000000022
20.334454520212507
15.65346556879625
0.6690991031767837
0.7431731898608989
29.400000000000023
20.414565711949894
15.713317026242295
0.8011119173738569
0.5985145744604577
29.500000000000025
20.514327281003016
15.706415624931017
0.9976156905312125
-0.0690140131127887
29.600000000000026
20.60542924675745
15.747651917631474
0.9110196575443446
0.41236292700458044
29.700000000000024
20.70241841927035
15.72329826461468
0.9698917251290267
-0.24353653016794127
29.800000000000026
20.7520122610454
15.810134034076299
0.4959384177505001
0.8683576946161821
29.900000000000027
20.847813416823115
15.838806992620091
0.9580115577771499
0.2867295854379149
30.000000000000025
20.930832146693046
15.894555449915188
0.8301872986993151
0.5574845729509782
30.100000000000023
21.002711074473172
15.964078250068658
0.7187892778012743
0.6952280015346926
30.20000000000002
21.075572929271967
16.03257022124251
0.728618547987947
0.6849197117384896
30.300000000000022
21.175444967166918
16.037627497852473
0.9987203789494992
0.05057276609963937
30.400000000000023
21.250485839250345
16.103724907158426
0.7504087208342584
0.660974093059548
30.500000000000025
21.27794760610903
16.199880257300784
0.2746176685868702
0.961553501423562
30.600000000000026
21.297230137877253
16.298003567317352
0.19282531768222447
0.9812331001656789
30.700000000000028
21.3385629732034
16.389061772460558
0.4133283532614312
0.9105820514320461
30.80000000000003
21.42327964861355
16.44219448279469
0.8471667541015346
0.5313271033413127
30.90000000000003
21.439741448402465
16.540830222502514
0.16461799788912687
0.9863573970782473
31.00000000000003
21.495781570373772
16.623652349554654
0.5604012197130701
0.8282212705214128
31.100000000000026
21.53898337219478
16.713838846988683
0.43201801821009017
0.9018649743402978
31.200000000000024
21.606095931448337
16.78797321412322
0.6711255925355455
0.7413436713453572
31.300000000000026
21.688357269093373
16.8448333260546
0.8226133764503728
0.56860111931381
31.400000000000027
21.76092463003072
16.913637236747157
0.7256736093734514
0.6880391069255494
31.50000000000003
21.85456983786445
16.948716789905337
0.9364520783372935
0.35079553158180826
31.60000000000003
21.899233134020456
17.038188517151884
0.4466329615600736
0.8947172724654855
31.700000000000028
21.930851654017463
17.133058265719058
0.31618519997007677
0.9486974856717406
31.800000000000026
21.96529505991377
17.226939317003445
0.3444340589630926
0.9388105128438906
31.900000000000023
22.065265286893794
17.224499292912913
0.9997022698002455
-0.024400240905313352
32.00000000000002
22.12943579933371
17.30119443834728
0.6417051243991359
0.7669514543436824
32.10000000000002
22.185826107876775
17.38377853549932
0.5639030854306621
0.8258409715204129
32.200000000000024
22.1904897121414
17.48366973028276
0.04663604264623194
0.9989119478343919
32.300000000000026
22.22230954887673
17.57847214581178
0.31819836735330925
0.9480241552901953
32.40000000000003
22.274760838243733
17.663612396244456
0.524512893670014
0.8514025043267777
32.50000000000003
22.341358226093448
17.738209902446705
0.6659738784971437
0.7459750620224994
32.60000000000003
22.432378915489338
17.77962528729216
0.9102068939588973
0.41415384845452835
32.70000000000003
22.454316821547895
17.87718925747463
0.2193790605855632
0.9756397018247033
32.80000000000003
22.511786755829775
17.959025720335852
0.5746993428188067
0.8183646286122291
32.900000000000034
22.609082335485063
17.98212485840509
0.9729557965528688
0.23099138069238156
33.000000000000036
22.64765647267825
18.074385553935752
0.38574137193186586
0.9226069553066041
33.10000000000004
22.744393692871483
18.099721501308718
0.9673722019323433
0.2533594737296587
33.20000000000004
22.844185565497924
18.106169924194052
0.9979187262644131
0.0644842288533498
33.30000000000004
22.91232635905583
18.17936030780624
0.6814079355790521
0.7319038361218599
33.40000000000004
22.90623361649469
18.279174527675373
-0.060927425611387906
0.9981421986913331
33.50000000000004
22.972434695580233
18.354123958146253
0.6620107908554368
0.7494943047088211
33.600000000000044
23.010865425061464
18.446444481495835
0.3843072948123226
0.9232052334958
33.700000000000045
23.031875228640033
18.544212513866288
0.21009803578567812
0.9776803237045327
33.80000000000005
23.124608798293153
18.581635569051425
0.927335696531206
0.374230551851373
33.90000000000005
23.197720452910342
18.649860828003934
0.7311165461718866
0.6822525895250905
34.00000000000005
23.295807024583823
18.669329378472405
0.980865716734793
0.19468550468471157
34.10000000000005
23.393893596257303
18.688797928940875
0.980865716734793
0.19468550468471163
34.20000000000005
23.491980167930784
18.708266479409346
0.9808657167347928
0.19468550468471177
34.300000000000054
23.590066739604264
18.727735029877817
0.980865716734793
0.19468550468471188
34.400000000000055
23.688153311277745
18.747203580346287
0.980865716734793
0.19468550468471202
34.50000000000006
23.786239882951225
18.766672130814758
0.9808657167347928
0.1946855046847121
34.60000000000006
23.884326454624706
18.78614068128323
0.9808657167347928
0.19468550468471224
34.70000000000006
23.982413026298186
18.8056092317517
0.9808657167347928
0.19468550468471235
34.80000000000006
24.080499597971667
18.82507778222017
0.9808657167347928
0.1946855046847125
34.90000000000006
24.178586169645147
18.84454633268864
0.9808657167347927
0.19468550468471263
35.000000000000064
24.276672741318627
18.86401488315711
0.9808657167347927
0.19468550468471277
35.100000000000065
24.374759312992108
18.88348343362558
0.9808657167347927
0.1946855046847129
35.20000000000007
24.47284588466559
18.902951984094052
0.9808657167347926
0.19468550468471307
35.30000000000007
24.57093245633907
18.922420534562523
0.9808657167347927
0.19468550468471324
35.40000000000007
24.66901902801255
18.941889085030994
0.9808657167347926
0.19468550468471338
35.50000000000007
24.76710559968603
18.961357635499464
0.9808657167347926
0.19468550468471357
35.60000000000007
24.86519217135951
18.980826185967935
0.9808657167347925
0.19468550468471374
35.700000000000074
24.96327874303299
19.000294736436405
0.9808657167347926
0.19468550468471393
35.800000000000075
25.06136531470647
19.019763286904876
0.9808657167347925
0.1946855046847141
35.90000000000008
25.15945188637995
19.039231837373347
0.9808657167347924
0.1946855046847143
36.00000000000008
25.257538458053432
19.058700387841817
0.9808657167347924
0.1946855046847145
36.10000000000008
25.355625029726912
19.078168938310288
0.9808657167347923
0.1946855046847147
36.20000000000008
25.453711601400393
19.09763748877876
0.9808657167347924
0.19468550468471493
36.30000000000008
25.551798173073873
19.11710603924723
0.9808657167347923
0.19468550468471515
36.400000000000084
25.649884744747354
19.1365745897157
0.9808657167347921
0.19468550468471538
36.500000000000085
25.747971316420834
19.15604314018417
0.9808657167347922
0.19468550468471565
36.60000000000009
25.846057888094315
19.17551169065264
0.9808657167347921
0.1946855046847159
36.70000000000009
25.944144459767795
19.19498024112111
0.9808657167347921
0.19468550468471618
36.80000000000009
26.042231031441275
19.214448791589582
0.9808657167347921
0.1946855046847165
36.90000000000009
26.140317603114756
19.233917342058053
0.980865716734792
0.1946855046847168
37.00000000000009
26.238404174788236
19.253385892526524
0.9808657167347918
0.1946855046847171
37.100000000000094
26.336490746461717
19.272854442994994
0.9808657167347918
0.19468550468471746
37.200000000000095
26.434577318135197
19.292322993463465
0.9808657167347917
0.1946855046847178
37.3000000000001
26.532663889808678
19.311791543931935
0.9808657167347917
0.19468550468471818
37.4000000000001
26.630750461482158
19.331260094400406
0.9808657167347916
0.19468550468471854
37.5000000000001
26.72883703315564
19.350728644868877
0.9808657167347916
0.19468550468471899
37.6000000000001
26.82692360482912
19.370197195337347
0.9808657167347914
0.19468550468471943
37.7000000000001
26.9250101765026
19.389665745805818
0.9808657167347913
0.19468550468471987
37.800000000000104
27.02309674817608
19.40913429627429
0.9808657167347913
0.1946855046847204
37.900000000000105
27.12118331984956
19.42860284674276
0.9808657167347912
0.19468550468472093
38.00000000000011
27.21926989152304
19.44807139721123
0.9808657167347911
0.19468550468472148
38.10000000000011
27.31735646319652
19.4675399476797
0.980865716734791
0.1946855046847221
38.20000000000011
27.415443034870002
19.48700849814817
0.9808657167347907
0.19468550468472273
38.30000000000011
27.513529606543482
19.50647704861664
0.9808657167347907
0.19468550468472345
38.40000000000011
27.611616178216963
19.525945599085116
0.9808657167347905
0.1946855046847242
38.500000000000114
27.709702749890443
19.545414149553586
0.9808657167347906
0.19468550468472362
38.600000000000115
27.807789321563924
19.56488270002206
0.9808657167347904
0.19468550468472445
38.70000000000012
27.905875893237404
19.58435125049053
0.9808657167347906
0.19468550468472384
38.80000000000012
28.003962464910884
19.603819800959005
0.9808657167347904
0.19468550468472476
38.90000000000012
28.102049036584365
19.62328835142748
0.9808657167347904
0.19468550468472406
39.00000000000012
28.200135608257845
19.64275690189595
0.9808657167347906
0.19468550468472332
39.10000000000012
28.298222179931326
19.662225452364424
0.9808657167347904
0.19468550468472437
39.200000000000124
28.396308751604806
19.681694002832895
0.9808657167347906
0.19468550468472356
39.300000000000125
28.494395323278287
19.70116255330137
0.9808657167347904
0.19468550468472473
39.40000000000013
28.592481894951767
19.72063110376984
0.9808657167347905
0.19468550468472384
39.50000000000013
28.690568466625248
19.740099654238314
0.9808657167347903
0.1946855046847252
39.60000000000013
28.788655038298728
19.759568204706788
0.9808657167347905
0.19468550468472423
39.70000000000013
28.88674160997221
19.77903675517526
0.9808657167347906
0.19468550468472307
39.80000000000013
28.98482818164569
19.798505305643733
0.9808657167347903
0.19468550468472473
39.900000000000134
29.08291475331917
19.817973856112204
0.9808657167347906
0.1946855046847234
40.000000000000135
29.18100132499265
19.837442406580678
0.9808657167347903
0.19468550468472545
40.100000000000136
29.27908789666613
19.85691095704915
0.9808657167347905
0.19468550468472387
40.20000000000014
29.37717446833961
19.876379507517623
0.98086571673479
0.19468550468472656
40.30000000000014
29.47526104001309
19.895848057986097
0.9808657167347904
0.1946855046847247
40.40000000000014
29.57334761168657
19.915316608454567
0.980865716734791
0.19468550468472215
40.50000000000014
29.671434183360052
19.93478515892304
0.9808657167347902
0.19468550468472626
40.60000000000014
29.769520755033533
19.954253709391512
0.9808657167347908
0.19468550468472262
40.700000000000145
29.867607326707013
19.973722259859986
0.9808657167347893
0.19468550468473045
40.800000000000146
29.965693898380493
19.99319081032846
0.9808657167347905
0.1946855046847245
40.90000000000015
30
20
0.5
-0.5
40.93497532948124
