169
1
2
0.9
-0.2
0
1.0569209978830307
2.082219219164378
0.5692099788303082
0.8221921916437785
0.10000000000000007
1.1569122532518399
2.080896778326539
0.999912553688092
-0.013224408378390886
0.2
1.239243142894245
2.1376561353585743
0.823308896424052
0.5675935703203565
0.2999999999999998
1.3199752666927724
2.1966673562151136
0.8073212379852737
0.5901122085653924
0.39999999999999986
1.3917595393588498
2.2662878862174214
0.717842726660773
0.69620530002308
0.4999999999999998
1.4461715264973625
2.350188635055786
0.5441198713851276
0.839007488383645
0.5999999999999998
1.4730516108044671
2.446508212856163
0.26880084307104685
0.9631957780037734
0.6999999999999995
1.5075090359477334
2.5403841195228694
0.3445742514326641
0.9387590666670651
0.7999999999999993
1.5336882683018556
2.6368965425229622
0.26179232354122217
0.96512423000093
0.8999999999999991
1.6085082000343989
2.7032439450006596
0.7481993173254333
0.6634740247769731
0.9999999999999991
1.667057355948374
2.784311795235886
0.5854915591397498
0.810678502352261
1.0999999999999992
1.7669739702076588
2.7802288802280457
0.9991661425928499
-0.040829150078401544
1.199999999999999
1.8378860243735422
2.8507376071629067
0.7091205416588343
0.7050872693486115
1.299999999999999
1.9322276949160366
2.883898566124484
0.9434167054249452
0.3316095896157742
1.3999999999999988
1.9720781532932061
2.975615200205383
0.398504583771694
0.9171663408089881
1.499999999999999
2.0640811432718755
3.0148000165885804
0.9200298997866919
0.3918481638319745
1.5999999999999992
2.1389677855097555
3.0810721133890877
0.7488664223787992
0.6627209680050706
1.6999999999999993
2.178746569166341
3.172819856526467
0.3977878365658566
0.9174774313737942
1.7999999999999992
2.2786930119273294
3.1695474599391855
0.9994644276098849
-0.032723965872816195
1.899999999999999
2.344738853880436
3.2446337220695196
0.6604584195310657
0.7508626213033427
1.999999999999999
2.416706900537472
3.3140642647749505
0.7196804665703609
0.69430542705431
2.0999999999999988
2.4129403215461998
3.413993304011313
-0.03766578991272638
0.9992903923636264
2.199999999999999
2.472342993113349
3.494437835277804
0.594026715671494
0.8044453126649057
2.299999999999999
2.517911859670798
3.583451757788102
0.4556886655744871
0.8901392251029854
2.3999999999999986
2.573777214338481
3.666391869602917
0.5586535466768286
0.8294011181481494
2.4999999999999987
2.6005729055998805
3.7627349592867327
0.26795691261399635
0.9634308968381567
2.5999999999999988
2.699695575715846
3.7495176876665566
0.9912267011596532
-0.13217271620176216
2.699999999999999
2.784196038052
3.8029935875185106
0.8450046233615396
0.5347589985195411
2.799999999999999
2.845522532270315
3.8819813150898934
0.6132649421831478
0.7898772757138292
2.899999999999999
2.8748876876111336
3.9775725680987835
0.2936515534081867
0.9559125300888982
2.999999999999999
2.9480661174091694
4.0457261990533695
0.7317842979803597
0.6815363095458614
3.0999999999999988
2.994025220842549
4.13453926572489
0.4595910343337936
0.8881306667152045
3.1999999999999993
3.060655437825377
4.209107450527936
0.6663021698282805
0.7456818480304622
3.299999999999999
3.1606183484011128
4.211830777395472
0.9996291057573582
0.02723326867536315
3.399999999999999
3.192335430381085
4.306667619976168
0.3171708197997213
0.9483684258069606
3.4999999999999987
3.235118154896402
4.397053672456883
0.42782724515317017
0.9038605248071458
3.5999999999999988
3.335059852374058
4.400467922782297
0.999416974776565
0.034142503254140005
3.6999999999999984
3.4320049714681287
4.424996352895871
0.9694511909407039
0.24528430113574523
3.7999999999999985
3.4896762409072375
4.506691057016038
0.5767126943910885
0.8169470412016748
3.899999999999998
3.515358791884945
4.603336835895808
0.2568255097770781
0.9664577887977022
3.999999999999998
3.5557632477251033
4.694810766325525
0.4040445584015797
0.914739304297171
4.099999999999998
3.550474489935178
4.794670813596891
-0.052887577899252664
0.9986004727136628
4.1999999999999975
3.608255562588466
4.8762878929555376
0.5778107265328749
0.8161707935864596
4.299999999999998
3.65930692920886
4.9622748568872295
0.5105136662039427
0.8598696393169196
4.399999999999998
3.7018070462028487
5.052794136908103
0.42500116993988757
0.9051928002087327
4.499999999999998
3.8008935250784592
5.039308229299301
0.9908647887561067
-0.13485907608802608
4.599999999999998
3.8284859555666717
5.1354261661256455
0.2759243048821265
0.9611793682634452
4.699999999999998
3.881112554774465
5.220458166312765
0.526265992077932
0.8503200018711955
4.799999999999999
3.9400623814938918
5.301235130416088
0.5894982671942685
0.807769641033231
4.899999999999999
3.9499208144881486
5.400748000432472
0.09858432994256995
0.9951287001638403
4.999999999999998
4.007313673663075
5.482638535390592
0.5739285917492618
0.8189053495812011
5.099999999999998
4.061558387634252
5.5666475289935695
0.5424471397117729
0.8400899360297779
5.1999999999999975
4.122306220576329
5.646081154070369
0.6074783294207721
0.7943362507679906
5.299999999999997
4.110529105267225
5.745385230295849
-0.11777115309104315
0.993040762254806
5.399999999999997
4.124233419886599
5.844441738213367
0.13704314619373803
0.9905650791751754
5.499999999999997
4.134373984137567
5.943926254378808
0.10140564250968444
0.9948451616544145
5.599999999999997
4.19669961690728
6.0221280158669925
0.6232563276971279
0.7820176148818454
5.699999999999997
4.280822084260014
6.076196587944384
0.8412246735273438
0.5406857207739203
5.799999999999996
4.293017772967908
6.1754501278154645
0.12195688707894302
0.9925353987108037
5.899999999999996
4.377432502040035
6.229061260201187
0.8441472907212688
0.5361113238572205
5.999999999999996
4.3876421565849
6.3285387096763035
0.10209654544865408
0.9947744947511727
6.099999999999995
4.4849299547186146
6.351670599661638
0.9728779813371439
0.2313188998533496
6.199999999999995
4.568150963461823
6.407116642836627
0.8322100874320875
0.5544604317498925
6.2999999999999945
4.649218737257971
6.465665904588904
0.810677737961477
0.5854926175227685
6.399999999999995
4.738169128453779
6.511358660099081
0.8895039119580771
0.4569275551017659
6.499999999999996
4.813878821435846
6.576688916401664
0.7570969298206692
0.6533025630258285
6.599999999999996
4.794508049096343
6.674794844759593
-0.1937077233950312
0.9810592835792922
6.699999999999997
4.8183901402225455
6.771901207699618
0.23882091126202437
0.971063629400245
6.799999999999997
4.839170844156702
6.869718191623684
0.20780703934156242
0.9781698392406578
6.899999999999997
4.833527046158444
6.969558802319707
-0.05643797998257556
0.9984061069602321
6.9999999999999964
4.898036738732108
7.045968877336366
0.6450969257366315
0.7641007501665911
7.099999999999996
4.969086479006287
7.116338859622648
0.7104974027417957
0.7036998228628187
7.199999999999996
5.032832922943908
7.193386837437174
0.6374644393762119
0.7704797781452618
7.299999999999996
5.08263106414643
7.280105607797308
0.49798141202521895
0.867187703601342
7.399999999999996
5.162326291683962
7.340509835362447
0.7969522753753161
0.6040422756513871
7.4999999999999964
5.19256954177061
7.4358269158055466
0.3024325008664895
0.9531708044310006
7.599999999999996
5.257814250087466
7.511610344315007
0.6524470831685529
0.7578342850946025
7.699999999999997
5.317327780451748
7.591972895939378
0.5951353036428184
0.8036255162437107
7.799999999999997
5.304696216010005
7.691171905913037
-0.12631564441742935
0.9919900997365898
7.899999999999997
5.325084907463568
7.789071350552991
0.20388691453562896
0.9789944463995397
7.999999999999997
5.3678395989201
7.879470666692311
0.42754691456532506
0.9039931613931992
8.099999999999998
5.377746075200909
7.978978765496869
0.09906476280808311
0.9950809880455852
8.199999999999998
5.431906145016883
8.063042353556913
0.5416006981597405
0.8406358806004426
8.299999999999997
5.522483132491937
8.105419344246954
0.9057698747505442
0.4237699069004117
8.399999999999997
5.5131316637041605
8.204981134264568
-0.09351468787776007
0.9956179001761294
8.499999999999998
5.538938729992
8.301593738668005
0.25807066287839286
0.9661260440343727
8.6
5.5578008366466864
8.399798733105902
0.18862106654686195
0.982049944378963
8.7
5.624235886507524
8.474540850750428
0.664350498608373
0.7474211764452531
8.799999999999999
5.720819303814592
8.50045693651369
0.9658341730706822
0.25916085763261265
8.899999999999999
5.802283520460355
8.558453327834979
0.8146421664576327
0.5799639132128952
8.999999999999998
5.886487002088282
8.61239564593251
0.8420348162792717
0.5394231809753202
9.099999999999998
5.940629761789867
8.696470383945165
0.5414275970158509
0.8407473801265403
9.199999999999998
5.964395673761758
8.793605246008918
0.2376591197189067
0.9713486206375311
9.299999999999997
6.000495660725466
8.886861832592494
0.36099986963708536
0.9325658658357636
9.399999999999997
6.098550167366309
8.90649124234982
0.9805450664084266
0.1962940975732439
9.499999999999996
6.104493098996572
9.006314493968057
0.05942931630263653
0.998232516182378
9.599999999999996
6.1311975768228875
9.102682906137314
0.267044778263152
0.9636841216925721
9.699999999999996
6.16729920943061
9.195938855669004
0.3610163260772226
0.9325594953168963
9.799999999999995
6.222403663182456
9.279386439077456
0.5510445375184696
0.8344758340845204
9.899999999999995
6.277508116934303
9.362834022485908
0.5510445375184696
0.8344758340845205
9.999999999999995
6.33261257068615
9.44628160589436
0.5510445375184696
0.8344758340845203
10.099999999999994
6.387717024437997
9.529729189302811
0.5510445375184695
0.8344758340845204
10.199999999999994
6.442821478189844
9.613176772711263
0.5510445375184696
0.8344758340845204
10.299999999999994
6.49792593194169
9.696624356119715
0.5510445375184695
0.8344758340845203
10.399999999999993
6.553030385693537
9.780071939528167
0.5510445375184696
0.8344758340845204
10.499999999999993
6.608134839445384
9.863519522936619
0.5510445375184696
0.8344758340845205
10.599999999999993
6.663239293197231
9.94696710634507
0.5510445375184696
0.8344758340845204
10.699999999999992
6.718343746949078
10.030414689753522
0.5510445375184695
0.8344758340845204
10.799999999999992
6.7734482007009245
10.113862273161974
0.5510445375184696
0.8344758340845203
10.899999999999991
6.828552654452771
10.197309856570426
0.5510445375184695
0.8344758340845204
10.999999999999991
6.883657108204618
10.280757439978878
0.5510445375184696
0.8344758340845204
11.09999999999999
6.938761561956465
10.36420502338733
0.5510445375184696
0.8344758340845204
11.19999999999999
6.993866015708312
10.447652606795781
0.5510445375184696
0.8344758340845204
11.29999999999999
7.0489704694601585
10.531100190204233
0.5510445375184696
0.8344758340845205
11.39999999999999
7.104074923212005
10.614547773612685
0.5510445375184696
0.8344758340845203
11.49999999999999
7.159179376963852
10.697995357021137
0.5510445375184695
0.8344758340845203
11.599999999999989
7.214283830715699
10.781442940429589
0.5510445375184696
0.8344758340845203
11.699999999999989
7.269388284467546
10.86489052383804
0.5510445375184696
0.8344758340845204
11.799999999999988
7.3244927382193925
10.948338107246492
0.5510445375184695
0.8344758340845203
11.899999999999988
7.379597191971239
11.031785690654944
0.5510445375184696
0.8344758340845204
11.999999999999988
7.434701645723086
11.115233274063396
0.5510445375184695
0.8344758340845203
12.099999999999987
7.489806099474933
11.198680857471848
0.5510445375184696
0.8344758340845204
12.199999999999987
7.54491055322678
11.2821284408803
0.5510445375184696
0.8344758340845203
12.299999999999986
7.6000150069786265
11.365576024288751
0.5510445375184696
0.8344758340845205
12.399999999999986
7.655119460730473
11.449023607697203
0.5510445375184696
0.8344758340845203
12.499999999999986
7.71022391448232
11.532471191105655
0.5510445375184696
0.8344758340845204
12.599999999999985
7.765328368234167
11.615918774514107
0.5510445375184696
0.8344758340845204
12.699999999999985
7.820432821986014
11.699366357922559
0.5510445375184696
0.8344758340845204
12.799999999999985
7.8755372757378606
11.78281394133101
0.5510445375184696
0.8344758340845204
12.899999999999984
7.930641729489707
11.866261524739462
0.5510445375184696
0.8344758340845204
12.999999999999984
7.985746183241554
11.949709108147914
0.5510445375184696
0.8344758340845204
13.099999999999984
8.040850636993401
12.033156691556366
0.5510445375184695
0.8344758340845203
13.199999999999983
8.095955090745248
12.116604274964818
0.5510445375184696
0.8344758340845204
13.299999999999983
8.151059544497095
12.20005185837327
0.5510445375184696
0.8344758340845204
13.399999999999983
8.206163998248941
12.283499441781721
0.5510445375184696
0.8344758340845203
13.499999999999982
8.261268452000788
12.366947025190173
0.5510445375184696
0.8344758340845204
13.599999999999982
8.316372905752635
12.450394608598625
0.5510445375184696
0.8344758340845204
13.699999999999982
8.371477359504482
12.533842192007077
0.5510445375184696
0.8344758340845203
13.799999999999981
8.426581813256329
12.617289775415529
0.5510445375184696
0.8344758340845203
13.89999999999998
8.481686267008175
12.70073735882398
0.5510445375184696
0.8344758340845204
13.99999999999998
8.536790720760022
12.784184942232432
0.5510445375184696
0.8344758340845204
14.09999999999998
8.591895174511869
12.867632525640884
0.5510445375184696
0.8344758340845203
14.19999999999998
8.646999628263716
12.951080109049336
0.5510445375184696
0.8344758340845203
14.29999999999998
8.702104082015563
13.034527692457788
0.5510445375184696
0.8344758340845204
14.399999999999979
8.75720853576741
13.11797527586624
0.5510445375184696
0.8344758340845204
14.499999999999979
8.812312989519256
13.201422859274691
0.5510445375184696
0.8344758340845203
14.599999999999978
8.867417443271103
13.284870442683143
0.5510445375184696
0.8344758340845203
14.699999999999978
8.92252189702295
13.368318026091595
0.5510445375184696
0.8344758340845204
14.799999999999978
8.977626350774797
13.451765609500047
0.5510445375184696
0.8344758340845203
14.899999999999977
9.032730804526643
13.535213192908499
0.5510445375184696
0.8344758340845203
14.999999999999977
9.08783525827849
13.61866077631695
0.5510445375184696
0.8344758340845203
15.099999999999977
9.142939712030337
13.702108359725402
0.5510445375184697
0.8344758340845204
15.199999999999976
9.198044165782184
13.785555943133854
0.5510445375184697
0.8344758340845203
15.299999999999976
9.25314861953403
13.869003526542306
0.5510445375184696
0.8344758340845203
15.399999999999975
9.308253073285877
13.952451109950758
0.5510445375184697
0.8344758340845203
15.499999999999975
9.363357527037724
14.03589869335921
0.5510445375184696
0.8344758340845203
15.599999999999975
9.418461980789571
14.119346276767661
0.5510445375184697
0.8344758340845203
15.699999999999974
9.473566434541418
14.202793860176113
0.5510445375184697
0.8344758340845202
15.799999999999974
9.528670888293265
14.286241443584565
0.5510445375184697
0.8344758340845203
15.899999999999974
9.583775342045112
14.369689026993017
0.5510445375184697
0.8344758340845202
15.999999999999973
9.638879795796958
14.453136610401469
0.5510445375184698
0.8344758340845203
16.099999999999973
9.693984249548805
14.53658419380992
0.5510445375184698
0.8344758340845202
16.199999999999974
9.749088703300652
14.620031777218372
0.5510445375184699
0.8344758340845202
16.299999999999976
9.804193157052499
14.703479360626824
0.55104453751847
0.8344758340845202
16.399999999999977
9.859297610804346
14.786926944035276
0.5510445375184702
0.8344758340845201
16.49999999999998
9.914402064556192
14.870374527443728
0.5510445375184703
0.8344758340845198
16.59999999999998
9.96950651830804
14.95382211085218
0.5510445375184709
0.8344758340845196
16.69999999999998
10
15
0.5
-0.5
16.755337599079144
