4
5
1.55
-0.15
3.5014282800023198
0.028563657838759995
3.35
1.4
3.0016662039607267
1.5374753309166493
2.4
3.9
2.8284271247461903
-0.7853981633974483
0.7
4.2
1.9798989873223332
0.7853981633974483
-0.1
1.65
3.705401462729781
1.5167948264189284
4
1.15
-0.3
0.5
0.0
1.4
1.6
3.8
1.5707963267948966
1.15
3.5
0.5
-0.0
0.9
1.6
3.8
1.5707963267948966
4
2.25
1.0
0.5
0.0
2.5
2.75
3.5
1.5707963267948966
2.25
4.5
0.5
-0.0
2.0
2.75
3.5
1.5707963267948966
3
2.9
0.0
0.6
0.0
3.15
0.35
0.7071067811865476
-1.4288992721907328
2.85
0.35
0.8602325267042626
0.9505468408120751
